shape_id,shape_pt_lat,shape_pt_lon,shape_pt_sequence,shape_dist_traveled
10,37.67111,-112.15693,1,
10,37.6712285802,-112.1568905839,2,
10,37.67127,-112.15713,3,
10,37.67239,-112.15686,4,
10,37.67251,-112.15683,5,
10,37.67358,-112.15653,6,
10,37.67358,-112.15653,7,
10,37.67397,-112.15642,8,
10,37.67572,-112.156,9,
10,37.67577,-112.15599,10,
10,37.67577,-112.15599,11,
10,37.67575,-112.15553,12,
10,37.67573,-112.15529,13,
10,37.67572,-112.15508,14,
10,37.67572,-112.15495,15,
10,37.6757,-112.15465,16,
10,37.67568,-112.15435,17,
10,37.67565,-112.15396,18,
10,37.67565,-112.15396,19,
10,37.6751787706,-112.1539939067,20,
10,37.67472,-112.15402,21,
10,37.67463,-112.15401,22,
10,37.67455,-112.15399,23,
10,37.67448,-112.15399,24,
10,37.67448,-112.15399,25,
10,37.67446,-112.15399,26,
10,37.67434,-112.15401,27,
10,37.67425,-112.15404,28,
10,37.67424,-112.15405,29,
10,37.67416,-112.15413,30,
10,37.67407,-112.15422,31,
10,37.67398,-112.15429,32,
10,37.67389,-112.15431,33,
10,37.6738,-112.15434,34,
10,37.67366,-112.15442,35,
10,37.67317,-112.15471,36,
10,37.67317,-112.15471,37,
10,37.6733,-112.15504,38,
10,37.67351,-112.15533,39,
10,37.67358,-112.15542,40,
10,37.67367,-112.15554,41,
10,37.67381,-112.15575,42,
10,37.67389,-112.15603,43,
10,37.67389,-112.15604,44,
10,37.67397,-112.15642,45,
10,37.67397,-112.15642,46,
10,37.6736801396,-112.1565080466,47,
10,37.6733499413,-112.1565987754,48,
10,37.67342,-112.15658,49,
10,37.67251,-112.15684,50,
10,37.67243,-112.15686,51,
10,37.671530073,-112.1570657434,52,
10,37.6709714136,-112.1571763558,53,
10,37.6702293587,-112.1574344641,54,
10,37.669521266,-112.1576322227,55,
10,37.6689415725,-112.1577715889,56,
10,37.6678260935,-112.1580860932,57,
10,37.6678260935,-112.1580860932,58,
10,37.667,-112.1583,59,
10,37.66643,-112.15846,60,
10,37.66639,-112.15848,61,
10,37.66286,-112.15981,62,
10,37.66251,-112.15994,63,
10,37.662,-112.16013,64,
10,37.66182,-112.1602,65,
10,37.66138,-112.16037,66,
10,37.65983,-112.16096,67,
10,37.65673,-112.16214,68,
10,37.65565,-112.16256,69,
10,37.65563,-112.16256,70,
10,37.65562,-112.16257,71,
10,37.65553,-112.16259,72,
10,37.65549,-112.16261,73,
10,37.65536,-112.16265,74,
10,37.65534,-112.16265,75,
10,37.65512,-112.16272,76,
10,37.65511,-112.16272,77,
10,37.65485,-112.1628,78,
10,37.65415,-112.16301,79,
10,37.65394,-112.16307,80,
10,37.65363,-112.16317,81,
10,37.65342,-112.16323,82,
10,37.65293,-112.16338,83,
10,37.65223,-112.16359,84,
10,37.65188,-112.1637,85,
10,37.6517,-112.16375,86,
10,37.65125,-112.16389,87,
10,37.65117,-112.16391,88,
10,37.65115,-112.16392,89,
10,37.65113,-112.16393,90,
10,37.65104,-112.16397,91,
10,37.65087,-112.16404,92,
10,37.65084,-112.16406,93,
10,37.65024,-112.16434,94,
10,37.65019,-112.16435,95,
10,37.65002,-112.16442,96,
10,37.64972,-112.16454,97,
10,37.64934,-112.16471,98,
10,37.64847,-112.16501,99,
10,37.64846,-112.16501,100,
10,37.6483,-112.16506,101,
10,37.64812,-112.16512,102,
10,37.64786,-112.1652,103,
10,37.64777,-112.16523,104,
10,37.64728,-112.16542,105,
10,37.64645,-112.16573,106,
10,37.64605,-112.16586,107,
10,37.646,-112.16587,108,
10,37.64588,-112.1659,109,
10,37.64587,-112.1659,110,
10,37.64547,-112.16608,111,
10,37.64536,-112.16614,112,
10,37.6452,-112.16623,113,
10,37.64513,-112.16628,114,
10,37.64488,-112.16643,115,
10,37.64472,-112.16654,116,
10,37.64458,-112.16662,117,
10,37.6444,-112.16675,118,
10,37.64424,-112.16687,119,
10,37.64409,-112.16698,120,
10,37.64394,-112.1671,121,
10,37.64383,-112.16719,122,
10,37.64363,-112.16733,123,
10,37.64285,-112.1679,124,
10,37.64274,-112.16797,125,
10,37.64231,-112.16818,126,
10,37.64201,-112.16832,127,
10,37.64198,-112.16834,128,
10,37.64116,-112.16869,129,
10,37.64115,-112.1687,130,
10,37.64098,-112.16877,131,
10,37.64097,-112.16878,132,
10,37.64079,-112.16885,133,
10,37.64032,-112.16909,134,
10,37.64026,-112.16912,135,
10,37.64021,-112.16915,136,
10,37.6402,-112.16916,137,
10,37.64014,-112.1692,138,
10,37.6401,-112.16923,139,
10,37.63993,-112.16936,140,
10,37.63993,-112.16936,141,
10,37.63959,-112.16968,142,
10,37.63958,-112.16968,143,
10,37.6395,-112.16975,144,
10,37.63894,-112.17023,145,
10,37.63864,-112.17049,146,
10,37.63834,-112.17075,147,
10,37.63818,-112.17087,148,
10,37.63804,-112.17099,149,
10,37.63789,-112.17111,150,
10,37.63775,-112.17123,151,
10,37.63761,-112.17133,152,
10,37.63759,-112.17135,153,
10,37.63746,-112.17144,154,
10,37.63742,-112.17146,155,
10,37.63726,-112.17157,156,
10,37.6371,-112.17168,157,
10,37.63698,-112.17176,158,
10,37.63685,-112.17183,159,
10,37.63682,-112.17186,160,
10,37.63673,-112.17191,161,
10,37.63666,-112.17196,162,
10,37.63661,-112.17199,163,
10,37.63632,-112.17215,164,
10,37.63617,-112.17222,165,
10,37.63616,-112.17223,166,
10,37.63603,-112.1723,167,
10,37.636,-112.17231,168,
10,37.63582,-112.1724,169,
10,37.6356,-112.1725,170,
10,37.63538,-112.1726,171,
10,37.63516,-112.1727,172,
10,37.63473,-112.1729,173,
10,37.6343,-112.17309,174,
10,37.63413,-112.17317,175,
10,37.63405,-112.1732,176,
10,37.63372,-112.17334,177,
10,37.63364,-112.17337,178,
10,37.63357,-112.17339,179,
10,37.63334,-112.17345,180,
10,37.6332,-112.17349,181,
10,37.63297,-112.17354,182,
10,37.6328,-112.17358,183,
10,37.63249,-112.17363,184,
10,37.63207,-112.17367,185,
10,37.63182,-112.17368,186,
10,37.63114,-112.17365,187,
10,37.63066,-112.17361,188,
10,37.6305,-112.17358,189,
10,37.6301,-112.17351,190,
10,37.62965,-112.17337,191,
10,37.62937,-112.17326,192,
10,37.62845,-112.17287,193,
10,37.62842,-112.17285,194,
10,37.6284,-112.17284,195,
10,37.62829,-112.17277,196,
10,37.62806,-112.17265,197,
10,37.62793,-112.17258,198,
10,37.62762,-112.17241,199,
10,37.62755,-112.17238,200,
10,37.62705,-112.17212,201,
10,37.62671,-112.17196,202,
10,37.62587,-112.17155,203,
10,37.62552,-112.17138,204,
10,37.62541,-112.17134,205,
10,37.62529,-112.1713,206,
10,37.62515,-112.17126,207,
10,37.62499,-112.17122,208,
10,37.62484,-112.17119,209,
10,37.62471,-112.17117,210,
10,37.62425,-112.17116,211,
10,37.62408,-112.17117,212,
10,37.624,-112.17118,213,
10,37.6239,-112.1712,214,
10,37.62378,-112.17122,215,
10,37.62367,-112.17125,216,
10,37.62345,-112.17132,217,
10,37.62317,-112.17143,218,
10,37.62316,-112.17143,219,
10,37.62292,-112.17155,220,
10,37.62276,-112.17164,221,
10,37.62251,-112.1718,222,
10,37.62242,-112.17187,223,
10,37.62235,-112.17191,224,
10,37.6221536266,-112.1720667055,225,
10,37.62216,-112.17206,226,
10,37.6219081121,-112.1722882944,227,
10,37.62155,-112.17253,228,
10,37.62127,-112.17276,229,
10,37.62107,-112.17293,230,
10,37.62056,-112.17335,231,
10,37.61981,-112.17395,232,
10,37.61957,-112.17414,233,
10,37.61941,-112.17428,234,
10,37.61896,-112.17466,235,
10,37.61878,-112.17481,236,
10,37.61866,-112.17492,237,
10,37.61837,-112.17518,238,
10,37.61778,-112.1757,239,
10,37.61778,-112.1757,240,
10,37.61744,-112.17514,241,
10,37.61723,-112.17492,242,
10,37.61696,-112.1748,243,
10,37.61664,-112.17475,244,
10,37.61651,-112.1748,245,
10,37.61645,-112.17482,246,
10,37.61638,-112.17485,247,
10,37.61632,-112.17489,248,
10,37.61625,-112.17494,249,
10,37.61611,-112.17503,250,
10,37.61599,-112.1751,251,
10,37.61586,-112.17518,252,
10,37.61578,-112.17522,253,
10,37.6157,-112.17526,254,
10,37.61565,-112.17528,255,
10,37.6156,-112.17531,256,
10,37.61549,-112.17535,257,
10,37.61538,-112.17538,258,
10,37.6153,-112.1754,259,
10,37.61527,-112.17542,260,
10,37.61516,-112.17544,261,
10,37.61505,-112.17546,262,
10,37.61497,-112.17547,263,
10,37.61495,-112.17547,264,
10,37.61489,-112.17548,265,
10,37.61481,-112.17549,266,
10,37.61473,-112.17549,267,
10,37.61465,-112.17549,268,
10,37.61456,-112.17549,269,
10,37.61447,-112.17548,270,
10,37.61438,-112.17548,271,
10,37.6143,-112.17546,272,
10,37.61421,-112.17545,273,
10,37.61413,-112.17543,274,
10,37.61405,-112.17542,275,
10,37.61404,-112.17542,276,
10,37.61388,-112.17536,277,
10,37.61371,-112.17531,278,
10,37.6137,-112.17531,279,
10,37.61355,-112.17525,280,
10,37.6134,-112.17519,281,
10,37.61336,-112.17518,282,
10,37.61327,-112.17514,283,
10,37.61315,-112.17509,284,
10,37.61282,-112.17496,285,
10,37.6125,-112.17483,286,
10,37.61233,-112.17477,287,
10,37.61217,-112.17471,288,
10,37.61199,-112.17462,289,
10,37.61192,-112.17459,290,
10,37.61166,-112.17448,291,
10,37.61154,-112.17441,292,
10,37.61149,-112.17438,293,
10,37.61142,-112.17434,294,
10,37.61135,-112.17429,295,
10,37.61128,-112.17424,296,
10,37.61115,-112.17414,297,
10,37.61105,-112.17404,298,
10,37.61095,-112.17395,299,
10,37.61085,-112.17384,300,
10,37.61075,-112.17372,301,
10,37.61066,-112.17359,302,
10,37.61057,-112.17347,303,
10,37.61046,-112.17327,304,
10,37.61042,-112.1732,305,
10,37.61035,-112.17308,306,
10,37.61029,-112.17297,307,
10,37.61023,-112.17286,308,
10,37.6101,-112.17265,309,
10,37.61003,-112.17256,310,
10,37.60998,-112.17248,311,
10,37.60996,-112.17246,312,
10,37.60989,-112.17238,313,
10,37.60982,-112.1723,314,
10,37.60974,-112.17222,315,
10,37.60967,-112.17215,316,
10,37.60951,-112.17201,317,
10,37.60921,-112.17176,318,
10,37.6089,-112.17152,319,
10,37.6086,-112.17128,320,
10,37.60834,-112.17108,321,
10,37.60829,-112.17105,322,
10,37.60815,-112.17095,323,
10,37.60801,-112.17085,324,
10,37.60787,-112.17076,325,
10,37.60772,-112.17067,326,
10,37.60754,-112.17057,327,
10,37.60742,-112.1705,328,
10,37.60721,-112.17038,329,
10,37.60711,-112.17033,330,
10,37.60691,-112.17021,331,
10,37.60672,-112.1701,332,
10,37.60652,-112.16998,333,
10,37.60633,-112.16985,334,
10,37.60614,-112.16971,335,
10,37.60595,-112.16957,336,
10,37.60558,-112.16928,337,
10,37.6052,-112.16897,338,
10,37.60481,-112.16867,339,
10,37.60453,-112.16844,340,
10,37.60424,-112.16822,341,
10,37.60395,-112.16799,342,
10,37.60365,-112.16775,343,
10,37.60339,-112.16755,344,
10,37.60319,-112.16739,345,
10,37.60313,-112.16734,346,
10,37.60287,-112.16713,347,
10,37.6026,-112.16691,348,
10,37.60207,-112.1665,349,
10,37.60181,-112.16629,350,
10,37.60154,-112.16609,351,
10,37.60146,-112.166,352,
10,37.60139,-112.16591,353,
10,37.60123,-112.16572,354,
10,37.60119,-112.16566,355,
10,37.60115,-112.16561,356,
10,37.60102,-112.16541,357,
10,37.6009,-112.16522,358,
10,37.60083,-112.16504,359,
10,37.60077,-112.16487,360,
10,37.60073,-112.16475,361,
10,37.60069,-112.16463,362,
10,37.60065,-112.16447,363,
10,37.60061,-112.16431,364,
10,37.60059,-112.16414,365,
10,37.60057,-112.164,366,
10,37.60056,-112.16396,367,
10,37.60055,-112.16382,368,
10,37.60054,-112.16369,369,
10,37.60054,-112.16355,370,
10,37.60054,-112.16341,371,
10,37.60054,-112.16332,372,
10,37.60054,-112.16321,373,
10,37.60056,-112.16302,374,
10,37.60058,-112.1629,375,
10,37.60059,-112.16279,376,
10,37.60063,-112.16264,377,
10,37.60064,-112.16257,378,
10,37.60068,-112.16244,379,
10,37.60071,-112.16232,380,
10,37.60076,-112.16216,381,
10,37.60084,-112.16196,382,
10,37.60088,-112.16185,383,
10,37.60093,-112.16174,384,
10,37.60097,-112.16164,385,
10,37.601,-112.16159,386,
10,37.60103,-112.16154,387,
10,37.60109,-112.16144,388,
10,37.60115,-112.16135,389,
10,37.60121,-112.16126,390,
10,37.60128,-112.16116,391,
10,37.60134,-112.16109,392,
10,37.6014,-112.16101,393,
10,37.60147,-112.16094,394,
10,37.60153,-112.16087,395,
10,37.60162,-112.16077,396,
10,37.60171,-112.16067,397,
10,37.60183,-112.16054,398,
10,37.60188,-112.16048,399,
10,37.60193,-112.16041,400,
10,37.602,-112.16032,401,
10,37.60201,-112.1603,402,
10,37.60208,-112.16019,403,
10,37.60217,-112.16002,404,
10,37.60221,-112.15993,405,
10,37.60225,-112.15984,406,
10,37.60256,-112.15887,407,
10,37.60263,-112.15866,408,
10,37.6027,-112.15844,409,
10,37.60299,-112.15754,410,
10,37.60318,-112.15698,411,
10,37.60328,-112.15669,412,
10,37.60334,-112.15661,413,
10,37.60335,-112.15658,414,
10,37.60338,-112.15654,415,
10,37.60346,-112.1565,416,
10,37.60355,-112.15646,417,
10,37.6036,-112.15644,418,
10,37.60362,-112.15644,419,
10,37.60364,-112.15643,420,
10,37.60372,-112.15643,421,
10,37.60379,-112.15643,422,
10,37.60383,-112.15645,423,
10,37.60387,-112.15647,424,
10,37.60391,-112.1565,425,
10,37.60396,-112.15653,426,
10,37.60406,-112.15662,427,
10,37.6042,-112.15675,428,
10,37.60421,-112.15676,429,
10,37.60424,-112.1568,430,
10,37.60426,-112.15682,431,
10,37.60427,-112.15683,432,
10,37.60428,-112.15686,433,
10,37.60428,-112.15689,434,
10,37.60428,-112.15691,435,
10,37.60428,-112.15694,436,
10,37.60426,-112.15697,437,
10,37.60425,-112.15699,438,
10,37.60424,-112.157,439,
10,37.60422,-112.15701,440,
10,37.6042,-112.15701,441,
10,37.60418,-112.15701,442,
10,37.60416,-112.15701,443,
10,37.60415,-112.157,444,
10,37.60413,-112.15698,445,
10,37.60412,-112.1569706122,446,
10,37.6041239843,-112.1569743003,447,
10,37.60399,-112.15684,448,
10,37.60385,-112.1567,449,
10,37.60375,-112.15661,450,
10,37.60362,-112.15644,451,
10,37.60362,-112.15644,452,
10,37.6036,-112.15644,453,
10,37.60355,-112.15646,454,
10,37.60346,-112.1565,455,
10,37.60338,-112.15654,456,
10,37.60335,-112.15658,457,
10,37.60334,-112.15661,458,
10,37.60328,-112.15669,459,
10,37.60318,-112.15698,460,
10,37.60299,-112.15754,461,
10,37.6027,-112.15844,462,
10,37.60263,-112.15866,463,
10,37.60256,-112.15887,464,
10,37.60225,-112.15984,465,
10,37.60221,-112.15993,466,
10,37.60217,-112.16002,467,
10,37.60208,-112.16019,468,
10,37.60201,-112.1603,469,
10,37.602,-112.16032,470,
10,37.60193,-112.16041,471,
10,37.60188,-112.16048,472,
10,37.60183,-112.16054,473,
10,37.60171,-112.16067,474,
10,37.60162,-112.16077,475,
10,37.60153,-112.16087,476,
10,37.60147,-112.16094,477,
10,37.6014,-112.16101,478,
10,37.60134,-112.16109,479,
10,37.60128,-112.16116,480,
10,37.60121,-112.16126,481,
10,37.60115,-112.16135,482,
10,37.60109,-112.16144,483,
10,37.60103,-112.16154,484,
10,37.601,-112.16159,485,
10,37.60097,-112.16164,486,
10,37.60093,-112.16174,487,
10,37.60088,-112.16185,488,
10,37.60084,-112.16196,489,
10,37.60076,-112.16216,490,
10,37.60071,-112.16232,491,
10,37.60068,-112.16244,492,
10,37.60064,-112.16257,493,
10,37.60063,-112.16264,494,
10,37.60059,-112.16279,495,
10,37.60058,-112.1629,496,
10,37.60056,-112.16302,497,
10,37.60054,-112.16321,498,
10,37.60054,-112.16332,499,
10,37.60054,-112.16341,500,
10,37.60054,-112.16355,501,
10,37.60054,-112.16369,502,
10,37.60055,-112.16382,503,
10,37.60056,-112.16396,504,
10,37.60057,-112.164,505,
10,37.60059,-112.16414,506,
10,37.60061,-112.16431,507,
10,37.60065,-112.16447,508,
10,37.60069,-112.16463,509,
10,37.60073,-112.16475,510,
10,37.60077,-112.16487,511,
10,37.60083,-112.16504,512,
10,37.6009,-112.16522,513,
10,37.60102,-112.16541,514,
10,37.60115,-112.16561,515,
10,37.60119,-112.16566,516,
10,37.60123,-112.16572,517,
10,37.60139,-112.16591,518,
10,37.60146,-112.166,519,
10,37.60154,-112.16609,520,
10,37.60181,-112.16629,521,
10,37.60207,-112.1665,522,
10,37.6026,-112.16691,523,
10,37.60287,-112.16713,524,
10,37.60313,-112.16734,525,
10,37.60319,-112.16739,526,
10,37.60339,-112.16755,527,
10,37.60365,-112.16775,528,
10,37.60395,-112.16799,529,
10,37.60424,-112.16822,530,
10,37.60453,-112.16844,531,
10,37.60481,-112.16867,532,
10,37.6052,-112.16897,533,
10,37.60558,-112.16928,534,
10,37.60595,-112.16957,535,
10,37.60614,-112.16971,536,
10,37.60633,-112.16985,537,
10,37.60652,-112.16998,538,
10,37.60672,-112.1701,539,
10,37.60691,-112.17021,540,
10,37.60711,-112.17033,541,
10,37.60721,-112.17038,542,
10,37.60742,-112.1705,543,
10,37.60754,-112.17057,544,
10,37.60772,-112.17067,545,
10,37.60787,-112.17076,546,
10,37.60801,-112.17085,547,
10,37.60815,-112.17095,548,
10,37.60829,-112.17105,549,
10,37.60834,-112.17108,550,
10,37.6086,-112.17128,551,
10,37.6089,-112.17152,552,
10,37.60921,-112.17176,553,
10,37.60951,-112.17201,554,
10,37.60967,-112.17215,555,
10,37.60974,-112.17222,556,
10,37.60982,-112.1723,557,
10,37.60989,-112.17238,558,
10,37.60996,-112.17246,559,
10,37.60998,-112.17248,560,
10,37.61003,-112.17256,561,
10,37.6101,-112.17265,562,
10,37.61023,-112.17286,563,
10,37.61029,-112.17297,564,
10,37.61035,-112.17308,565,
10,37.61042,-112.1732,566,
10,37.61046,-112.17327,567,
10,37.61057,-112.17347,568,
10,37.61066,-112.17359,569,
10,37.61075,-112.17372,570,
10,37.61085,-112.17384,571,
10,37.61095,-112.17395,572,
10,37.61105,-112.17404,573,
10,37.61115,-112.17414,574,
10,37.61128,-112.17424,575,
10,37.61135,-112.17429,576,
10,37.61142,-112.17434,577,
10,37.61149,-112.17438,578,
10,37.61154,-112.17441,579,
10,37.61166,-112.17448,580,
10,37.61192,-112.17459,581,
10,37.61199,-112.17462,582,
10,37.61217,-112.17471,583,
10,37.61233,-112.17477,584,
10,37.6125,-112.17483,585,
10,37.61282,-112.17496,586,
10,37.61315,-112.17509,587,
10,37.61327,-112.17514,588,
10,37.61336,-112.17518,589,
10,37.6134,-112.17519,590,
10,37.61355,-112.17525,591,
10,37.6137,-112.17531,592,
10,37.61371,-112.17531,593,
10,37.61388,-112.17536,594,
10,37.61404,-112.17542,595,
10,37.61405,-112.17542,596,
10,37.61413,-112.17543,597,
10,37.61421,-112.17545,598,
10,37.6143,-112.17546,599,
10,37.61438,-112.17548,600,
10,37.61447,-112.17548,601,
10,37.61456,-112.17549,602,
10,37.61465,-112.17549,603,
10,37.61473,-112.17549,604,
10,37.61481,-112.17549,605,
10,37.61489,-112.17548,606,
10,37.61495,-112.17547,607,
10,37.61497,-112.17547,608,
10,37.61505,-112.17546,609,
10,37.61516,-112.17544,610,
10,37.61527,-112.17542,611,
10,37.6153,-112.1754,612,
10,37.61538,-112.17538,613,
10,37.61549,-112.17535,614,
10,37.6156,-112.17531,615,
10,37.61565,-112.17528,616,
10,37.6157,-112.17526,617,
10,37.61578,-112.17522,618,
10,37.61586,-112.17518,619,
10,37.61599,-112.1751,620,
10,37.61611,-112.17503,621,
10,37.61625,-112.17494,622,
10,37.61632,-112.17489,623,
10,37.61638,-112.17485,624,
10,37.61645,-112.17482,625,
10,37.61651,-112.1748,626,
10,37.61664,-112.17475,627,
10,37.61664,-112.17475,628,
10,37.6166,-112.1743,629,
10,37.61656,-112.17385,630,
10,37.61656,-112.17382,631,
10,37.61653,-112.17366,632,
10,37.61629,-112.17251,633,
10,37.61597,-112.17125,634,
10,37.61594,-112.17116,635,
10,37.61592,-112.17108,636,
10,37.6159,-112.17102,637,
10,37.61589,-112.17102,638,
10,37.61587,-112.17096,639,
10,37.61582,-112.17088,640,
10,37.61577,-112.17083,641,
10,37.61568,-112.17076,642,
10,37.61561,-112.17075,643,
10,37.61555,-112.17075,644,
10,37.6155,-112.17075,645,
10,37.61547,-112.17075,646,
10,37.61539,-112.17075,647,
10,37.61496,-112.17078,648,
10,37.61481,-112.17079,649,
10,37.61473,-112.1708,650,
10,37.6147,-112.17079,651,
10,37.61469,-112.17078,652,
10,37.61468,-112.17077,653,
10,37.61467,-112.17076,654,
10,37.61466,-112.17073,655,
10,37.61466,-112.17071,656,
10,37.61466,-112.17069,657,
10,37.61466,-112.17068,658,
10,37.61466,-112.17066,659,
10,37.61467,-112.17063,660,
10,37.61467,-112.17062,661,
10,37.61468,-112.17061,662,
10,37.61468,-112.17061,663,
10,37.61469,-112.17061,664,
10,37.6147,-112.1706,665,
10,37.61472,-112.1706,666,
10,37.61497,-112.17058,667,
10,37.61532,-112.17055,668,
10,37.61538,-112.17056,669,
10,37.61543,-112.17058,670,
10,37.6154458427,-112.1705871792,671,
10,37.6154526558,-112.1705930174,672,
10,37.61545,-112.17059,673,
10,37.61549,-112.17062,674,
10,37.6155,-112.17063,675,
10,37.61568,-112.17076,676,
10,37.61577,-112.17083,677,
10,37.61582,-112.17088,678,
10,37.61587,-112.17096,679,
10,37.61589,-112.17102,680,
10,37.6159,-112.17102,681,
10,37.61592,-112.17108,682,
10,37.61594,-112.17116,683,
10,37.61597,-112.17125,684,
10,37.61629,-112.17251,685,
10,37.61653,-112.17366,686,
10,37.61656,-112.17382,687,
10,37.61656,-112.17385,688,
10,37.6166,-112.1743,689,
10,37.61664,-112.17475,690,
10,37.61664,-112.17475,691,
10,37.61696,-112.1748,692,
10,37.61723,-112.17492,693,
10,37.61744,-112.17514,694,
10,37.61778,-112.1757,695,
10,37.61778,-112.1757,696,
10,37.61837,-112.17518,697,
10,37.61866,-112.17492,698,
10,37.61878,-112.17481,699,
10,37.61896,-112.17466,700,
10,37.61941,-112.17428,701,
10,37.61957,-112.17414,702,
10,37.61981,-112.17395,703,
10,37.62056,-112.17335,704,
10,37.62107,-112.17293,705,
10,37.62127,-112.17276,706,
10,37.62173,-112.1724,707,
10,37.6217230954,-112.1724046938,708,
10,37.6219887559,-112.1721870699,709,
10,37.62229,-112.17195,710,
10,37.62235,-112.17191,711,
10,37.62242,-112.17186,712,
10,37.62251,-112.1718,713,
10,37.62276,-112.17164,714,
10,37.62292,-112.17155,715,
10,37.62316,-112.17143,716,
10,37.62317,-112.17143,717,
10,37.62345,-112.17132,718,
10,37.62367,-112.17125,719,
10,37.62378,-112.17122,720,
10,37.6239,-112.1712,721,
10,37.624,-112.17118,722,
10,37.62408,-112.17117,723,
10,37.62425,-112.17116,724,
10,37.62425,-112.17116,725,
10,37.62425,-112.17094,726,
10,37.62425,-112.1708,727,
10,37.62425,-112.17063,728,
10,37.62423,-112.17036,729,
10,37.6242,-112.17015,730,
10,37.62418,-112.17,731,
10,37.62417,-112.16991,732,
10,37.62412,-112.16964,733,
10,37.62405,-112.16933,734,
10,37.62394,-112.16898,735,
10,37.6238,-112.16856,736,
10,37.62364,-112.16835,737,
10,37.62356,-112.16822,738,
10,37.62351,-112.16812,739,
10,37.62345,-112.16798,740,
10,37.6234,-112.16787,741,
10,37.62338,-112.16775,742,
10,37.62337,-112.16769,743,
10,37.62337,-112.16764,744,
10,37.62337,-112.1676,745,
10,37.62337,-112.16754,746,
10,37.6234,-112.16744,747,
10,37.62343,-112.16735,748,
10,37.62345,-112.1673,749,
10,37.6234602655,-112.16728,750,
10,37.6234600836,-112.1672801748,751,
10,37.6234756037,-112.1672535858,752,
10,37.6236,-112.16717,753,
10,37.62365,-112.16715,754,
10,37.62372,-112.16714,755,
10,37.62377,-112.16715,756,
10,37.6238,-112.16716,757,
10,37.62386,-112.16718,758,
10,37.62389,-112.1672,759,
10,37.62393,-112.16723,760,
10,37.62397,-112.16728,761,
10,37.62401,-112.16735,762,
10,37.62402,-112.16743,763,
10,37.62404,-112.16752,764,
10,37.62404,-112.16762,765,
10,37.62403,-112.16773,766,
10,37.624,-112.1679,767,
10,37.62394,-112.1681,768,
10,37.6238,-112.16856,769,
10,37.6238,-112.16856,770,
10,37.62394,-112.16898,771,
10,37.62405,-112.16933,772,
10,37.62412,-112.16964,773,
10,37.62417,-112.16991,774,
10,37.62418,-112.17,775,
10,37.6242,-112.17015,776,
10,37.62423,-112.17036,777,
10,37.62425,-112.17063,778,
10,37.62425,-112.1708,779,
10,37.62425,-112.17094,780,
10,37.62425,-112.17116,781,
10,37.62425,-112.17116,782,
10,37.62471,-112.17117,783,
10,37.62484,-112.17119,784,
10,37.62499,-112.17122,785,
10,37.62515,-112.17126,786,
10,37.62529,-112.1713,787,
10,37.62541,-112.17134,788,
10,37.62552,-112.17138,789,
10,37.62587,-112.17155,790,
10,37.62671,-112.17196,791,
10,37.62705,-112.17212,792,
10,37.62705,-112.17212,793,
10,37.62713,-112.17141,794,
10,37.62713,-112.17136,795,
10,37.62723,-112.17051,796,
10,37.6273,-112.16983,797,
10,37.62734,-112.16964,798,
10,37.62736,-112.16956,799,
10,37.62739,-112.16945,800,
10,37.62741,-112.16937,801,
10,37.62744,-112.1693,802,
10,37.62747,-112.16919,803,
10,37.62748,-112.16917,804,
10,37.62754,-112.16899,805,
10,37.62764,-112.16872,806,
10,37.62765,-112.16871,807,
10,37.6277,-112.16857,808,
10,37.62775,-112.16847,809,
10,37.62784,-112.16828,810,
10,37.62794,-112.16809,811,
10,37.62802,-112.16795,812,
10,37.62802,-112.16795,813,
10,37.62787,-112.16779,814,
10,37.62784,-112.16776,815,
10,37.62782,-112.16774,816,
10,37.62779,-112.16772,817,
10,37.62776,-112.16771,818,
10,37.62773,-112.1677,819,
10,37.62772,-112.1677,820,
10,37.62768,-112.16769,821,
10,37.62766,-112.16769,822,
10,37.62765,-112.16769,823,
10,37.62763,-112.16769,824,
10,37.62762,-112.16769,825,
10,37.62761,-112.16769,826,
10,37.6276,-112.16769,827,
10,37.62759,-112.1677,828,
10,37.62757,-112.16772,829,
10,37.62756,-112.16773,830,
10,37.62754,-112.16775,831,
10,37.62753,-112.16777,832,
10,37.62753,-112.16777,833,
10,37.6275,-112.16773,834,
10,37.62749,-112.16773,835,
10,37.62748,-112.16773,836,
10,37.62747,-112.16772,837,
10,37.62746,-112.16772,838,
10,37.62745,-112.16773,839,
10,37.62745,-112.16772,840,
10,37.62744,-112.16772,841,
10,37.62743,-112.16772,842,
10,37.62742,-112.16772,843,
10,37.62741,-112.16771,844,
10,37.6274,-112.16771,845,
10,37.6274,-112.1677,846,
10,37.62739,-112.1677,847,
10,37.62739,-112.16769,848,
10,37.62738,-112.16769,849,
10,37.62738,-112.16768,850,
10,37.62737,-112.16768,851,
10,37.62737,-112.16767,852,
10,37.62737,-112.16766,853,
10,37.62736,-112.16766,854,
10,37.6273499095,-112.1676198251,855,
10,37.62735,-112.16762,856,
10,37.62735,-112.16761,857,
10,37.62735,-112.1676,858,
10,37.62735,-112.16759,859,
10,37.62735,-112.16758,860,
10,37.62735,-112.16757,861,
10,37.62736,-112.16756,862,
10,37.62736,-112.16755,863,
10,37.62736,-112.16754,864,
10,37.62737,-112.16753,865,
10,37.62737,-112.16752,866,
10,37.62738,-112.16751,867,
10,37.62738,-112.1675,868,
10,37.62739,-112.1675,869,
10,37.62739,-112.16749,870,
10,37.6274,-112.16749,871,
10,37.62741,-112.16749,872,
10,37.62741,-112.16748,873,
10,37.62742,-112.16748,874,
10,37.62743,-112.16747,875,
10,37.62744,-112.16747,876,
10,37.62745,-112.16747,877,
10,37.62746,-112.16747,878,
10,37.62747,-112.16747,879,
10,37.62748,-112.16747,880,
10,37.62748,-112.16748,881,
10,37.62749,-112.16748,882,
10,37.6275,-112.16748,883,
10,37.6275,-112.16749,884,
10,37.62751,-112.16749,885,
10,37.62751,-112.1675,886,
10,37.62752,-112.1675,887,
10,37.62752,-112.16751,888,
10,37.62753,-112.16751,889,
10,37.62753,-112.16752,890,
10,37.62754,-112.16753,891,
10,37.62754,-112.16754,892,
10,37.62755,-112.16755,893,
10,37.62755,-112.16756,894,
10,37.62755,-112.16757,895,
10,37.62756,-112.16759,896,
10,37.62756,-112.1676,897,
10,37.62757,-112.16762,898,
10,37.62762,-112.16769,899,
10,37.62762,-112.16769,900,
10,37.62763,-112.16769,901,
10,37.62765,-112.16769,902,
10,37.62766,-112.16769,903,
10,37.62768,-112.16769,904,
10,37.62772,-112.1677,905,
10,37.62773,-112.1677,906,
10,37.62776,-112.16771,907,
10,37.62779,-112.16772,908,
10,37.62782,-112.16774,909,
10,37.62784,-112.16776,910,
10,37.62787,-112.16779,911,
10,37.62802,-112.16795,912,
10,37.62802,-112.16795,913,
10,37.62814,-112.16776,914,
10,37.62817,-112.16772,915,
10,37.6282142485,-112.1676703644,916,
10,37.62825,-112.16761,917,
10,37.62829,-112.16756,918,
10,37.62845,-112.16737,919,
10,37.62854,-112.16727,920,
10,37.62858,-112.16723,921,
10,37.62864,-112.16718,922,
10,37.62872,-112.1671,923,
10,37.62873,-112.16709,924,
10,37.62886,-112.16698,925,
10,37.62895,-112.16692,926,
10,37.62903,-112.16687,927,
10,37.62911,-112.16682,928,
10,37.62945,-112.16666,929,
10,37.62954,-112.16662,930,
10,37.62957,-112.16661,931,
10,37.62973,-112.16655,932,
10,37.62979,-112.16653,933,
10,37.62987,-112.16651,934,
10,37.62993,-112.16649,935,
10,37.62999,-112.16648,936,
10,37.62999,-112.16648,937,
10,37.62992,-112.16614,938,
10,37.62987,-112.16578,939,
10,37.62987,-112.16574,940,
10,37.62988,-112.16545,941,
10,37.63,-112.16515,942,
10,37.63003,-112.16511,943,
10,37.63025,-112.16483,944,
10,37.6305,-112.16458,945,
10,37.63066,-112.1645,946,
10,37.63075,-112.16448,947,
10,37.63081,-112.16447,948,
10,37.63085,-112.16447,949,
10,37.63085,-112.16447,950,
10,37.63088,-112.16447,951,
10,37.63096,-112.16448,952,
10,37.63108,-112.16449,953,
10,37.63111,-112.1645,954,
10,37.63114,-112.16451,955,
10,37.63117,-112.16452,956,
10,37.6313,-112.1646,957,
10,37.63131,-112.1646,958,
10,37.63147,-112.1647,959,
10,37.63149,-112.16472,960,
10,37.63152,-112.16474,961,
10,37.63156,-112.16476,962,
10,37.63164,-112.16481,963,
10,37.63169,-112.16482,964,
10,37.6317,-112.16483,965,
10,37.63174,-112.16484,966,
10,37.63183,-112.16485,967,
10,37.63191,-112.16481,968,
10,37.63195,-112.16477,969,
10,37.63199,-112.16474,970,
10,37.63215,-112.16463,971,
10,37.63229,-112.16452,972,
10,37.63253,-112.16437,973,
10,37.63263,-112.16434,974,
10,37.63266,-112.16434,975,
10,37.63275,-112.16434,976,
10,37.63281,-112.16433,977,
10,37.63282,-112.16434,978,
10,37.63285,-112.16435,979,
10,37.63287,-112.16436,980,
10,37.63293,-112.1644,981,
10,37.63305,-112.1645,982,
10,37.63312,-112.16463,983,
10,37.63318,-112.16473,984,
10,37.63322,-112.16482,985,
10,37.63329,-112.16496,986,
10,37.63335,-112.16522,987,
10,37.63335,-112.16527,988,
10,37.63338,-112.16549,989,
10,37.6334,-112.1656,990,
10,37.63342,-112.16594,991,
10,37.63343,-112.16614,992,
10,37.6334,-112.16627,993,
10,37.63334,-112.16648,994,
10,37.6332,-112.16693,995,
10,37.63317,-112.16702,996,
10,37.63302,-112.1674,997,
10,37.63297,-112.16753,998,
10,37.63296,-112.16754,999,
10,37.63292,-112.16758,1000,
10,37.63285,-112.16765,1001,
10,37.63262,-112.16777,1002,
10,37.63262,-112.16777,1003,
10,37.63297,-112.16857,1004,
10,37.63327,-112.16924,1005,
10,37.63351,-112.16985,1006,
10,37.63363,-112.17014,1007,
10,37.63372,-112.17055,1008,
10,37.63376,-112.17093,1009,
10,37.63377,-112.17107,1010,
10,37.63382,-112.17138,1011,
10,37.63387,-112.17161,1012,
10,37.63402,-112.17218,1013,
10,37.63404,-112.17224,1014,
10,37.63417,-112.17266,1015,
10,37.6343,-112.17309,1016,
10,37.6343,-112.17309,1017,
10,37.63473,-112.1729,1018,
10,37.63516,-112.1727,1019,
10,37.63538,-112.1726,1020,
10,37.6356,-112.1725,1021,
10,37.63582,-112.1724,1022,
10,37.636,-112.17231,1023,
10,37.63603,-112.1723,1024,
10,37.63616,-112.17223,1025,
10,37.63617,-112.17222,1026,
10,37.63632,-112.17215,1027,
10,37.63661,-112.17199,1028,
10,37.63666,-112.17196,1029,
10,37.63673,-112.17191,1030,
10,37.63682,-112.17186,1031,
10,37.63685,-112.17183,1032,
10,37.63698,-112.17176,1033,
10,37.6371,-112.17168,1034,
10,37.63726,-112.17157,1035,
10,37.63742,-112.17146,1036,
10,37.63746,-112.17144,1037,
10,37.63759,-112.17135,1038,
10,37.63761,-112.17133,1039,
10,37.63775,-112.17123,1040,
10,37.63789,-112.17111,1041,
10,37.63804,-112.17099,1042,
10,37.63818,-112.17087,1043,
10,37.63834,-112.17075,1044,
10,37.63864,-112.17049,1045,
10,37.63893,-112.17024,1046,
10,37.63894,-112.17023,1047,
10,37.6394208843,-112.1698046938,1048,
10,37.6394107955,-112.169813411,1049,
10,37.63958,-112.16968,1050,
10,37.63959,-112.16967,1051,
10,37.63964,-112.16956,1052,
10,37.63971,-112.1694,1053,
10,37.63982,-112.16919,1054,
10,37.63983,-112.16918,1055,
10,37.63991,-112.16903,1056,
10,37.63999,-112.1689,1057,
10,37.64004,-112.16885,1058,
10,37.64013,-112.16877,1059,
10,37.64014,-112.16876,1060,
10,37.64015,-112.16875,1061,
10,37.64034,-112.16862,1062,
10,37.64042,-112.16859,1063,
10,37.64047,-112.16858,1064,
10,37.64052,-112.16857,1065,
10,37.64062,-112.16856,1066,
10,37.64065,-112.16856,1067,
10,37.64075,-112.16857,1068,
10,37.64083,-112.16857,1069,
10,37.64086,-112.16857,1070,
10,37.64097,-112.16859,1071,
10,37.64101,-112.1686,1072,
10,37.64107,-112.16863,1073,
10,37.64116,-112.16869,1074,
10,37.64198,-112.16834,1075,
10,37.64201,-112.16832,1076,
10,37.64231,-112.16818,1077,
10,37.64274,-112.16797,1078,
10,37.64285,-112.1679,1079,
10,37.64363,-112.16733,1080,
10,37.64383,-112.16719,1081,
10,37.64394,-112.1671,1082,
10,37.64409,-112.16698,1083,
10,37.64424,-112.16687,1084,
10,37.6444,-112.16675,1085,
10,37.64458,-112.16662,1086,
10,37.64472,-112.16654,1087,
10,37.64488,-112.16643,1088,
10,37.64513,-112.16628,1089,
10,37.6452,-112.16623,1090,
10,37.64536,-112.16614,1091,
10,37.64547,-112.16608,1092,
10,37.64587,-112.1659,1093,
10,37.64588,-112.1659,1094,
10,37.646,-112.16587,1095,
10,37.64605,-112.16586,1096,
10,37.64645,-112.16573,1097,
10,37.64728,-112.16542,1098,
10,37.64777,-112.16523,1099,
10,37.64786,-112.1652,1100,
10,37.64812,-112.16512,1101,
10,37.6483,-112.16506,1102,
10,37.64846,-112.16501,1103,
10,37.64847,-112.16501,1104,
10,37.64934,-112.16471,1105,
10,37.64972,-112.16454,1106,
10,37.65002,-112.16442,1107,
10,37.65019,-112.16435,1108,
10,37.65024,-112.16434,1109,
10,37.65084,-112.16406,1110,
10,37.65087,-112.16404,1111,
10,37.65104,-112.16397,1112,
10,37.65113,-112.16393,1113,
10,37.65115,-112.16392,1114,
10,37.65117,-112.16391,1115,
10,37.65125,-112.16389,1116,
10,37.6517,-112.16375,1117,
10,37.65188,-112.1637,1118,
10,37.65223,-112.16359,1119,
10,37.65293,-112.16338,1120,
10,37.65342,-112.16323,1121,
10,37.65363,-112.16317,1122,
10,37.65394,-112.16307,1123,
10,37.65415,-112.16301,1124,
10,37.65485,-112.1628,1125,
10,37.65511,-112.16272,1126,
10,37.65512,-112.16272,1127,
10,37.65534,-112.16265,1128,
10,37.65536,-112.16265,1129,
10,37.65549,-112.16261,1130,
10,37.65553,-112.16259,1131,
10,37.65562,-112.16257,1132,
10,37.65563,-112.16256,1133,
10,37.65565,-112.16256,1134,
10,37.65673,-112.16214,1135,
10,37.65983,-112.16096,1136,
10,37.66138,-112.16037,1137,
10,37.66182,-112.1602,1138,
10,37.662,-112.16013,1139,
10,37.66251,-112.15994,1140,
10,37.66286,-112.15981,1141,
10,37.66639,-112.15848,1142,
10,37.66643,-112.15846,1143,
10,37.667,-112.1583,1144,
10,37.6677142463,-112.15809,1145,
10,37.66771,-112.15809,1146,
10,37.66831,-112.15792,1147,
10,37.66945,-112.15765,1148,
10,37.6702857005,-112.157414227,1149,
10,37.67026,-112.15742,1150,
10,37.67061,-112.15732,1151,
10,37.67076,-112.15727,1152,
10,37.67077,-112.15726,1153,
10,37.67077,-112.15726,1154,
10,37.67077,-112.15725,1155,
10,37.67073,-112.15711,1156,
10,37.67072,-112.15702,1157,
10,37.67072,-112.15702,1158,
10,37.67111,-112.15693,1159,
