shape_id,shape_pt_lat,shape_pt_lon,shape_pt_sequence,shape_dist_traveled
NJ,40.707675,-74.033775,1,0
NJ,40.707383,-74.031185,2,0.221
NJ,40.696712,100,3,1.552
NJ,40.698939,-74.040506,4,1.859
NJ,40.698201,-74.040076,5,1.949
NJ,40.696118,-74.03793,6,2.243
NJ,40.693483,-74.036128,7,2.573
NJ,40.687495,-74.041063,8,3.358
NJ,40.686486,-74.042394,9,3.517
NJ,40.686128,-74.043853,10,3.646
NJ,40.686128,-74.045226,11,3.762
NJ,40.687235,-74.047372,12,3.981
NJ,40.688341,-74.048316,13,4.127
NJ,40.689703,-74.04705,14,4.312
NJ,40.688341,-74.048316,15,4.498
NJ,40.686398,-74.046037,16,4.787
NJ,40.686486,-74.042394,17,5.094
NJ,40.687495,-74.041063,18,5.253
NJ,40.693483,-74.036128,19,6.038
NJ,40.698438,-74.034192,20,6.613
NJ,40.707383,-74.031185,21,7.639
NJ,40.707675,-74.033775,22,7.86
EILSP,40.698939,-74.040506,1,0
EILSP,40.698171,-74.040118,2,0.091
EILSP,40.697695,-74.039144,3,0.189
EILSP,40.698037,-74.037535,4,0.33
EILSP,40.698623,-74.035904,5,0.482
EILSP,40.699208,-74.034274,6,0.634
EILSP,40.700607,-74.0326,7,0.844
EILSP,40.701649,-74.03187,8,0.975
EILSP,40.702917,-74.031484,9,1.12
EILSP,40.704544,-74.031012,10,1.305
EILSP,40.706171,-74.031312,11,1.488
EILSP,40.707435,-74.032417,12,1.657
EILSP,40.707509,-74.033552,13,1.753
EILILSP,40.698903,-74.040432,1,0
EILILSP,40.698699,-74.040471,2,0.023
EILILSP,40.698162,-74.039956,3,0.097
EILILSP,40.697641,-74.039366,4,0.173
EILILSP,40.697169,-74.038776,5,0.245
EILILSP,40.696511,-74.038197,6,0.333
EILILSP,40.695925,-74.037671,7,0.412
EILILSP,40.695342,-74.037216,8,0.488
EILILSP,40.694796,-74.036822,9,0.557
EILILSP,40.694471,-74.036769,10,0.593
EILILSP,40.69329,-74.037645,11,0.744
EILILSP,40.691891,-74.038504,12,0.915
EILILSP,40.689646,-74.041036,13,1.244
EILILSP,40.688311,-74.042495,14,1.437
EILILSP,40.688149,-74.04507,15,1.655
EILILSP,40.688767,-74.047001,16,1.831
EILILSP,40.689478,-74.047864,17,1.939
EILILSP,40.689819,-74.04781,18,1.977
EILILSP,40.689468,-74.048039,19,2.02
EILILSP,40.688768,-74.048071,20,2.098
EILILSP,40.687458,-74.046278,21,2.308
EILILSP,40.686905,-74.043875,22,2.52
EILILSP,40.687783,-74.038339,23,2.997
EILILSP,40.688694,-74.034906,24,3.304
EILILSP,40.691688,-74.031387,25,3.749
EILILSP,40.697285,-74.030357,26,4.378
EILILSP,40.700473,-74.030013,27,4.734
EILILSP,40.703597,-74.029842,28,5.081
EILILSP,40.705744,-74.030528,29,5.327
EILILSP,40.707435,-74.032417,30,5.573
EILILSP,40.707509,-74.033552,31,5.669
EIBP,40.698939,-74.040506,1,0
EIBP,40.698624,-74.040726,2,0.04
EIBP,40.698171,-74.040118,3,0.111
EIBP,40.697695,-74.039144,4,0.209
EIBP,40.696609,-74.037275,5,0.408
EIBP,40.696121,-74.036331,6,0.504
EIBP,40.696056,-74.035043,7,0.613
EIBP,40.696088,-74.032383,8,0.837
EIBP,40.696316,-74.029464,9,1.085
EIBP,40.696739,-74.026632,10,1.328
EIBP,40.698463,-74.022855,11,1.7
EIBP,40.69945,-74.02087,12,1.9
EIBP,40.700253,-74.019122,13,2.072
EIBP,40.700869,-74.017544,14,2.222
EIBP,40.7013,-74.01676,15,2.303
EIBP,40.701636,-74.016235,16,2.361
LIBP,40.689854,-74.047747,1,0
LIBP,40.68959,-74.048058,2,0.039
LIBP,40.689276,-74.048144,3,0.075
LIBP,40.688346,-74.048174,4,0.178
LIBP,40.687792,-74.047718,5,0.251
LIBP,40.686881,-74.046903,6,0.373
LIBP,40.686263,-74.045814,7,0.488
LIBP,40.686091,-74.04435,8,0.613
LIBP,40.686596,-74.041711,9,0.843
LIBP,40.688093,-74.037591,10,1.228
LIBP,40.689899,-74.034587,11,1.551
LIBP,40.691786,-74.033042,12,1.798
LIBP,40.692957,-74.032098,13,1.951
LIBP,40.694519,-74.029437,14,2.234
LIBP,40.696276,-74.026948,15,2.521
LIBP,40.697513,-74.024802,16,2.748
LIBP,40.698799,-74.022501,17,2.989
LIBP,40.701057,-74.019078,18,3.372
LIBP,40.701496,-74.017576,19,3.507
LIBP,40.701618,-74.016328,20,3.614
BPEI,40.701617,-74.016198,1,0
BPEI,40.700498,-74.017814,2,0.184
BPEI,40.699856,-74.020196,3,0.398
BPEI,40.697293,-74.026011,4,0.965
BPEI,40.696903,-74.03262,5,1.524
BPEI,40.696968,-74.035967,6,1.806
BPEI,40.697489,-74.039572,7,2.115
BPEI,40.69831,-74.040424,8,2.231
BPEI,40.698624,-74.040726,9,2.275
BPEI,40.698903,-74.040432,10,2.314
BPEI,40.698724,-74.040539,11,2.336
BPEI,40.698578,-74.040528,12,2.352
BPEI,40.697939,-74.039638,13,2.456
BPEI,40.697695,-74.039144,14,2.505
BPEI,40.697555,-74.036489,15,2.73
BPEI,40.69749,-74.033571,16,2.976
BPEI,40.697474,-74.029205,17,3.344
BPEI,40.697865,-74.026974,18,3.537
BPEI,40.698288,-74.025471,19,3.672
BPEI,40.699394,-74.022682,20,3.937
BPEI,40.699947,-74.021137,21,4.082
BPEI,40.700468,-74.01942,22,4.237
BPEI,40.700761,-74.018047,23,4.358
BPEI,40.701509,-74.016475,24,4.514
BPEI,40.701566,-74.016336,25,4.527
BPLI,40.701617,-74.016198,1,0
BPLI,40.701103,-74.01684,2,0.079
BPLI,40.7001,-74.018309,3,0.245
BPLI,40.698343,-74.022,4,0.613
BPLI,40.693484,-74.029205,5,1.426
BPLI,40.687435,-74.039205,6,2.504
BPLI,40.686394,-74.04281,7,2.83
BPLI,40.686263,-74.045814,8,3.083
BPLI,40.686849,-74.046758,9,3.186
BPLI,40.687337,-74.04753,10,3.271
BPLI,40.688346,-74.048174,11,3.395
BPLI,40.689387,-74.04826,12,3.511
BPLI,40.689819,-74.04781,13,3.573
BPLI,40.689478,-74.047864,14,3.611
BPLI,40.689006,-74.047982,15,3.664
BPLI,40.688745,-74.047939,16,3.694
BPLI,40.687647,-74.04733,17,3.826
BPLI,40.687061,-74.046343,18,3.932
BPLI,40.686736,-74.044712,19,4.074
BPLI,40.686703,-74.043038,20,4.215
BPLI,40.687354,-74.040421,21,4.447
BPLI,40.689144,-74.037374,22,4.772
BPLI,40.690413,-74.035185,23,5.005
BPLI,40.696587,-74.025848,24,6.049
BPLI,40.698799,-74.022501,25,6.423
BPLI,40.69945,-74.02087,26,6.579
BPLI,40.700088,-74.018863,27,6.762
BPLI,40.700405,-74.018123,28,6.834
BPLI,40.700869,-74.017544,29,6.905
BPLI,40.7013,-74.01676,30,6.987
BPLI,40.701528,-74.016439,31,7.024
NY,40.701617,-74.016198,1,0
NY,40.700125,-74.018756,2,0.272
NY,40.699661,-74.019915,3,0.383
NY,40.696961,-74.024164,4,0.85
NY,40.693077,-74.02961,5,1.48
NY,40.690435,-74.034143,6,1.962
NY,40.688938,-74.037018,7,2.256
NY,40.687246,-74.041353,8,2.667
NY,40.686486,-74.042394,9,2.789
NY,40.6864,-74.044528,10,2.97
NY,40.686398,-74.046037,11,3.097
NY,40.687337,-74.04753,12,3.26
NY,40.688745,-74.047939,13,3.421
NY,40.689361,-74.048026,14,3.489
NY,40.689629,-74.047929,15,3.52
NY,40.689834,-74.047706,16,3.55
NY,40.689621,-74.047769,17,3.574
NY,40.689478,-74.047864,18,3.592
NY,40.689288,-74.047876,19,3.613
NY,40.689084,-74.047865,20,3.636
NY,40.688816,-74.047779,21,3.667
NY,40.68858,-74.047747,22,3.693
NY,40.688385,-74.047661,23,3.716
NY,40.687647,-74.04733,24,3.802
NY,40.687286,-74.046631,25,3.874
NY,40.686924,-74.046,26,3.94
NY,40.686859,-74.045485,27,3.985
NY,40.686924,-74.044283,28,4.086
NY,40.686957,-74.043339,29,4.166
NY,40.686973,-74.042288,30,4.254
NY,40.687559,-74.041858,31,4.329
NY,40.688161,-74.041622,32,4.399
NY,40.689853,-74.041193,33,4.59
NY,40.69122,-74.040507,34,4.753
NY,40.692261,-74.039219,35,4.912
NY,40.693139,-74.038103,36,5.047
NY,40.693953,-74.036987,37,5.178
NY,40.694796,-74.036822,38,5.273
NY,40.695925,-74.037671,39,5.417
NY,40.697866,-74.039713,40,5.693
NY,40.698171,-74.040118,41,5.741
NY,40.698578,-74.040528,42,5.798
NY,40.698903,-74.040432,43,5.835
NY,40.698748,-74.040374,44,5.853
NY,40.698281,-74.039966,45,5.916
NY,40.697923,-74.039129,46,5.997
NY,40.696362,-74.03655,47,6.275
NY,40.696493,-74.034361,48,6.46
NY,40.696981,-74.030756,49,6.769
NY,40.697865,-74.026974,50,7.102
NY,40.699394,-74.022682,51,7.502
NY,40.70064,-74.019401,52,7.811
NY,40.701535,-74.01732,53,8.013
NY,40.701552,-74.016452,54,8.086
