shape_id,shape_pt_lat,shape_pt_lon,shape_pt_sequence,shape_dist_traveled
canyonob,37.20068,-112.98677,1,0
canyonob,37.20066,-112.98677,2,0.002219628
canyonob,37.20064,-112.98676,3,0.004610211
canyonob,37.20062,-112.98674,4,0.007452624
canyonob,37.20057,-112.98671,5,0.01360774
canyonob,37.20054,-112.98666,6,0.019156499
canyonob,37.20052,-112.98659,7,0.025755417
canyonob,37.20052,-112.98652,8,0.031969834
canyonob,37.20053,-112.98645,9,0.038282572
canyonob,37.20065,-112.98612,10,0.070464065
canyonob,37.2012,-112.98645,11,0.138170285
canyonob,37.2015,-112.98661,12,0.174368059
canyonob,37.20179,-112.98679,13,0.210301329
canyonob,37.20194,-112.98691,14,0.230065393
canyonob,37.20207,-112.98704,15,0.248540947
canyonob,37.20237,-112.98745,16,0.297869712
canyonob,37.20254,-112.98749,17,0.317067823
canyonob,37.20266,-112.9875,18,0.330415152
canyonob,37.20298,-112.98748,19,0.36597357
canyonob,37.20336,-112.98703,20,0.424063455
canyonob,37.20363,-112.9866,21,0.472592434
canyonob,37.20385,-112.98608,22,0.524814013
canyonob,37.20397,-112.98568,23,0.562738652
canyonob,37.20417,-112.98517,24,0.613161285
canyonob,37.20421,-112.98511,25,0.620095072
canyonob,37.20428,-112.98497,26,0.634751589
canyonob,37.20449,-112.98466,27,0.670814068
canyonob,37.20471,-112.98439,28,0.705028559
canyonob,37.20503,-112.98408,29,0.74995703
canyonob,37.20521,-112.98395,30,0.773027513
canyonob,37.20598,-112.98352,31,0.866621136
canyonob,37.20627,-112.98331,32,0.903814822
canyonob,37.20655,-112.98305,33,0.942523299
canyonob,37.20682,-112.9827,34,0.985688323
canyonob,37.20691,-112.98253,35,1.003785337
canyonob,37.20694,-112.98249,36,1.008652919
canyonob,37.20714,-112.982,37,1.057486108
canyonob,37.20725,-112.9816,38,1.095033948
canyonob,37.20744,-112.98072,39,1.175946962
canyonob,37.20757,-112.98038,40,1.20939962
canyonob,37.20776,-112.98003,41,1.246948689
canyonob,37.20789,-112.97984,42,1.269143739
canyonob,37.20814,-112.97958,43,1.305233701
canyonob,37.20828,-112.97946,44,1.324071981
canyonob,37.20837,-112.97941,45,1.335002051
canyonob,37.20844,-112.97936,46,1.343949246
canyonob,37.20876,-112.97922,47,1.381574957
canyonob,37.20888,-112.97919,48,1.395156385
canyonob,37.20964,-112.97911,49,1.479800793
canyonob,37.20979,-112.97908,50,1.496659679
canyonob,37.2101,-112.97905,51,1.531166877
canyonob,37.21026,-112.979,52,1.549470196
canyonob,37.21032,-112.97899,53,1.556187995
canyonob,37.21064,-112.97887,54,1.593265139
canyonob,37.21097,-112.97872,55,1.632234306
canyonob,37.21106,-112.97867,56,1.643164316
canyonob,37.21113,-112.97862,57,1.652111436
canyonob,37.21145,-112.97843,58,1.691426711
canyonob,37.21178,-112.97826,59,1.731037554
canyonob,37.2118,-112.97824,60,1.733879807
canyonob,37.21205,-112.97814,61,1.763010512
canyonob,37.21468,-112.97725,62,2.065393883
canyonob,37.21563,-112.97685,63,2.17664393
canyonob,37.21706,-112.97609,64,2.349089041
canyonob,37.21707,-112.97609,65,2.350198858
canyonob,37.21729,-112.97596,66,2.377203996
canyonob,37.2174,-112.97588,67,2.391326805
canyonob,37.21748,-112.97579,68,2.403269982
canyonob,37.21753,-112.97572,69,2.41160029
canyonob,37.21759,-112.97559,70,2.424922346
canyonob,37.2176,-112.97553,71,2.430362202
canyonob,37.21761,-112.97531,72,2.449920337
canyonob,37.2176,-112.97526,73,2.454494872
canyonob,37.21759,-112.9751,74,2.468739353
canyonob,37.21758,-112.97508,75,2.470832877
canyonob,37.21755,-112.97467,76,2.507375411
canyonob,37.21754,-112.97463,77,2.51109513
canyonob,37.21747,-112.97393,78,2.573709187
canyonob,37.21801,-112.97411,79,2.635732271
canyonob,37.21847,-112.97385,80,2.691757274
canyonob,37.21848,-112.97385,81,2.692867091
canyonob,37.21879,-112.97366,82,2.731182128
canyonob,37.2188,-112.97366,83,2.732291945
canyonob,37.21896,-112.97357,84,2.751763013
canyonob,37.21913,-112.97351,85,2.771367071
canyonob,37.21914,-112.97351,86,2.772476889
canyonob,37.21922,-112.97348,87,2.7817461
canyonob,37.21936,-112.97346,88,2.797384618
canyonob,37.21947,-112.97346,89,2.809592611
canyonob,37.22017,-112.97362,90,2.888567091
canyonob,37.22025,-112.97362,91,2.897445633
canyonob,37.22033,-112.97361,92,2.906368426
canyonob,37.22048,-112.97357,93,2.923390034
canyonob,37.22061,-112.97347,94,2.940329017
canyonob,37.22074,-112.97333,95,2.959369771
canyonob,37.22084,-112.97317,96,2.977392704
canyonob,37.22101,-112.97276,97,3.018381899
canyonob,37.22129,-112.97176,98,3.112417974
canyonob,37.22131,-112.97173,99,3.11588441
canyonob,37.22141,-112.97149,100,3.139902944
canyonob,37.22148,-112.97138,101,3.152379549
canyonob,37.2215,-112.97136,102,3.155221662
canyonob,37.22158,-112.97125,103,3.168417907
canyonob,37.22177,-112.97107,104,3.194872734
canyonob,37.22204,-112.97086,105,3.230161275
canyonob,37.22224,-112.97068,106,3.25750887
canyonob,37.22314,-112.96968,107,3.391126065
canyonob,37.22379,-112.9691,108,3.479746744
canyonob,37.22578,-112.96768,109,3.734026854
canyonob,37.22614,-112.96748,110,3.777745565
canyonob,37.22681,-112.96716,111,3.857342032
canyonob,37.22738,-112.96692,112,3.92409111
canyonob,37.22754,-112.96687,113,3.942394234
canyonob,37.22767,-112.96681,114,3.957773112
canyonob,37.22773,-112.96677,115,3.96531913
canyonob,37.22779,-112.96671,116,3.973845201
canyonob,37.22787,-112.9666,117,3.987040853
canyonob,37.22806,-112.96619,118,4.029094999
canyonob,37.22813,-112.96607,119,4.042276925
canyonob,37.22819,-112.96599,120,4.052010654
canyonob,37.22819,-112.96598,121,4.052898104
canyonob,37.22827,-112.96588,122,4.065451404
canyonob,37.22836,-112.96579,123,4.078240474
canyonob,37.22864,-112.96545,124,4.121554119
canyonob,37.22879,-112.9652,125,4.149291365
canyonob,37.22892,-112.96495,126,4.175756018
canyonob,37.22922,-112.96419,127,4.250971776
canyonob,37.2294,-112.96382,128,4.289406368
canyonob,37.22966,-112.96336,129,4.339396982
canyonob,37.22979,-112.96317,130,4.361588362
canyonob,37.22988,-112.9631,131,4.373350877
canyonob,37.22996,-112.96305,132,4.383276452
canyonob,37.23004,-112.96302,133,4.392545569
canyonob,37.23023,-112.96301,134,4.413650807
canyonob,37.23099,-112.96313,135,4.498666689
canyonob,37.23124,-112.96313,136,4.526412184
canyonob,37.23132,-112.96312,137,4.535334981
canyonob,37.23147,-112.96308,138,4.552356512
canyonob,37.23158,-112.96304,139,4.565070114
canyonob,37.23233,-112.96263,140,4.655911089
canyonob,37.23255,-112.96256,141,4.681104928
canyonob,37.23277,-112.96254,142,4.705585389
canyonob,37.23301,-112.96256,143,4.732280135
canyonob,37.23306,-112.96257,144,4.737899742
canyonob,37.23324,-112.96257,145,4.757876505
canyonob,37.23337,-112.96254,146,4.772547721
canyonob,37.23346,-112.96251,147,4.782884785
canyonob,37.23367,-112.96239,148,4.808508479
canyonob,37.23443,-112.96165,149,4.91540261
canyonob,37.23463,-112.96149,150,4.941751499
canyonob,37.23488,-112.96134,151,4.972524625
canyonob,37.23505,-112.96126,152,4.992682924
canyonob,37.23528,-112.96118,153,5.019177549
canyonob,37.23551,-112.96114,154,5.044949024
canyonob,37.23596,-112.96113,155,5.094898836
canyonob,37.23612,-112.96111,156,5.112744433
canyonob,37.23629,-112.96107,157,5.131942358
canyonob,37.23632,-112.96107,158,5.13527182
canyonob,37.23647,-112.96103,159,5.152293316
canyonob,37.23693,-112.96082,160,5.206639622
canyonob,37.2417,-112.95749,161,5.812902842
canyonob,37.2423,-112.95711,162,5.88754176
canyonob,37.24241,-112.95706,163,5.900530912
canyonob,37.24246,-112.95703,164,5.906685427
canyonob,37.24263,-112.95696,165,5.926548428
canyonob,37.24264,-112.95696,166,5.92765825
canyonob,37.24299,-112.95686,167,5.967502506
canyonob,37.24345,-112.9568,168,6.018831143
canyonob,37.24377,-112.9568,169,6.054345451
canyonob,37.24411,-112.95684,170,6.092245941
canyonob,37.25034,-112.95784,171,6.789334739
canyonob,37.25053,-112.95789,172,6.810882922
canyonob,37.25117,-112.95798,173,6.882359012
canyonob,37.25129,-112.95798,174,6.895676895
canyonob,37.25146,-112.95796,175,6.914627147
canyonob,37.25158,-112.95792,176,6.92840972
canyonob,37.25167,-112.95788,177,6.939009798
canyonob,37.25182,-112.95778,178,6.957873576
canyonob,37.25203,-112.95758,179,6.987165432
canyonob,37.25217,-112.95742,180,7.008210734
canyonob,37.25247,-112.95702,181,7.05687121
canyonob,37.25217,-112.95661,182,7.106182408
canyonob,37.25196,-112.95642,183,7.134945508
canyonob,37.25192,-112.95637,184,7.141221188
canyonob,37.2519,-112.95633,185,7.145406879
canyonob,37.25188,-112.95626,186,7.152001836
canyonob,37.25189,-112.95621,187,7.156574424
canyonob,37.25191,-112.95617,188,7.160760116
canyonob,37.25193,-112.95615,189,7.163601793
canyonob,37.25199,-112.95611,190,7.1711473
canyonob,37.25224,-112.95611,191,7.198892893
canyonob,37.25236,-112.95613,192,7.212328455
canyonob,37.25244,-112.9562,193,7.223163374
canyonob,37.25249,-112.95628,194,7.232172519
canyonob,37.25249,-112.95638,195,7.241044168
canyonob,37.25248,-112.95641,196,7.243927788
canyonob,37.25247,-112.95642,197,7.245348622
canyonob,37.25246,-112.95645,198,7.248232242
canyonob,37.25245,-112.95646,199,7.249653077
canyonob,37.25243,-112.95647,200,7.252043453
canyonob,37.25241,-112.95649,201,7.254885123
canyonob,37.25232,-112.95652,202,7.265222047
canyonob,37.25217,-112.95661,203,7.283685169
canyonob,37.25247,-112.95702,204,7.332996367
canyonob,37.25374,-112.95544,205,7.531777956
canyonob,37.25429,-112.95489,206,7.609923246
canyonob,37.25479,-112.95449,207,7.675790571
canyonob,37.25532,-112.95416,208,7.741493882
canyonob,37.25585,-112.95389,209,7.80500447
canyonob,37.25745,-112.95323,210,7.991980015
canyonob,37.25748,-112.95321,211,7.99575271
canyonob,37.25763,-112.95315,212,8.013230278
canyonob,37.25793,-112.95296,213,8.050548229
canyonob,37.25823,-112.9527,214,8.091051501
canyonob,37.25857,-112.95235,215,8.139917215
canyonob,37.25877,-112.95208,216,8.172572363
canyonob,37.25878,-112.95205,217,8.175455779
canyonob,37.25902,-112.95171,218,8.215694501
canyonob,37.25903,-112.95125,219,8.256515649
canyonob,37.25901,-112.95115,220,8.265660014
canyonob,37.25903,-112.95105,221,8.274804379
canyonob,37.25903,-112.95102,222,8.277465644
canyonob,37.25919,-112.95047,223,8.329386377
canyonob,37.25922,-112.95045,224,8.333159054
canyonob,37.25945,-112.95045,225,8.358685031
canyonob,37.25969,-112.94955,226,8.442848389
canyonob,37.25975,-112.9494,227,8.457727791
canyonob,37.25997,-112.94904,228,8.497927064
canyonob,37.26028,-112.9487,229,8.543680039
canyonob,37.2604,-112.94861,230,8.559207605
canyonob,37.26065,-112.94848,231,8.589254323
canyonob,37.26066,-112.94847,232,8.59067509899999
canyonob,37.26078,-112.94843,233,8.60445758099999
canyonob,37.261,-112.94838,234,8.62927332099999
canyonob,37.26108,-112.94838,235,8.63815192399999
canyonob,37.26136,-112.94842,236,8.66942895499999
canyonob,37.26261,-112.94872,237,8.81068648799999
canyonob,37.26286,-112.94876,238,8.83865808599999
canyonob,37.26306,-112.94875,239,8.86087231899999
canyonob,37.26323,-112.94871,240,8.88007009499999
canyonob,37.2634,-112.94862,241,8.90055664899999
canyonob,37.26403,-112.94821,242,8.97936863299999
canyonob,37.26435,-112.94798,243,9.02032594799999
canyonob,37.26459,-112.94778,244,9.05232894899999
canyonob,37.26468,-112.94769,245,9.06511567399999
canyonob,37.26485,-112.94746,246,9.09290390499999
canyonob,37.26497,-112.94724,247,9.11652972799999
canyonob,37.26503,-112.9471,248,9.13062067299999
canyonob,37.26514,-112.94667,249,9.17066851399999
canyonob,37.26514,-112.94662,250,9.17510359699999
canyonob,37.26521,-112.94616,251,9.21663933599999
canyonob,37.26524,-112.94606,252,9.22611377999999
canyonob,37.26524,-112.94605,253,9.22700079499999
canyonob,37.26533,-112.94578,254,9.25294964099999
canyonob,37.26545,-112.94557,255,9.27584816899999
canyonob,37.2655,-112.94551,256,9.28353694899999
canyonob,37.26566,-112.94536,257,9.30572582999999
canyonob,37.26573,-112.94531,258,9.31467142499999
canyonob,37.26581,-112.94527,259,9.324232716
canyonob,37.26587,-112.94523,260,9.33177793
canyonob,37.2665,-112.94493,261,9.406589521
canyonob,37.26653,-112.94491,262,9.410362121
canyonob,37.26683,-112.94476,263,9.44621690799999
canyonob,37.26687,-112.94475,264,9.45074396
canyonob,37.26717,-112.94461,265,9.48627912899999
canyonob,37.26721,-112.9446,266,9.49080618099999
canyonob,37.26748,-112.94448,267,9.522605751
canyonob,37.26763,-112.94439,268,9.541068213
canyonob,37.26785,-112.94421,269,9.570241065
canyonob,37.26797,-112.94404,270,9.590359093
canyonob,37.2681,-112.94382,271,9.614627202
canyonob,37.26825,-112.94349,272,9.648300493
canyonob,37.26838,-112.94301,273,9.693253702
canyonob,37.26846,-112.94245,274,9.743711756
canyonob,37.26847,-112.94242,275,9.746594858
canyonob,37.26852,-112.94212,276,9.773776626
canyonob,37.26858,-112.94189,277,9.795236368
canyonob,37.26875,-112.94147,278,9.836994584
canyonob,37.26891,-112.94115,279,9.870474758
canyonob,37.26906,-112.9409,280,9.89820263199999
canyonob,37.26929,-112.94058,281,9.936375569
canyonob,37.26967,-112.94018,282,9.991487552
canyonob,37.26974,-112.94012,283,10.000904314
canyonob,37.27,-112.93995,284,10.033461899
canyonob,37.27045,-112.93973,285,10.087080782
canyonob,37.27049,-112.93972,286,10.091607828
canyonob,37.27115,-112.93937,287,10.171163094
canyonob,37.27116,-112.93937,288,10.172272921
canyonob,37.27137,-112.93931,289,10.196179138
canyonob,37.27155,-112.93928,290,10.216332456
canyonob,37.27184,-112.93928,291,10.248517451
canyonob,37.27211,-112.93933,292,10.278809168
canyonob,37.27223,-112.93937,293,10.292591537
canyonob,37.27243,-112.93946,294,10.316179784
canyonob,37.27244,-112.93946,295,10.317289612
canyonob,37.27255,-112.93951,296,10.330278219
canyonob,37.2726,-112.93954,297,10.336432301
canyonob,37.27265,-112.93958,298,10.343018591
canyonob,37.27273,-112.93963,299,10.352943103
canyonob,37.27284,-112.93972,300,10.367529246
canyonob,37.27304,-112.93993,301,10.396504985
canyonob,37.27321,-112.94016,302,10.424291578
canyonob,37.27366,-112.94104,303,10.51695148
canyonob,37.27377,-112.94133,304,10.545422257
canyonob,37.27388,-112.94168,305,10.578778581
canyonob,37.27395,-112.94202,306,10.609918297
canyonob,37.27397,-112.94219,307,10.625158328
canyonob,37.27398,-112.94222,308,10.628041251
canyonob,37.274,-112.94249,309,10.652090546
canyonob,37.274,-112.94287,310,10.685793224
canyonob,37.27396,-112.94326,311,10.720666536
canyonob,37.27386,-112.94371,312,10.762091997
canyonob,37.27379,-112.94391,313,10.781456945
canyonob,37.2737,-112.94411,314,10.801814175
canyonob,37.27341,-112.94459,315,10.855183215
canyonob,37.27316,-112.9454,316,10.93219552
canyonob,37.27305,-112.94588,317,10.976483659
canyonob,37.27304,-112.94613,318,10.998684511
canyonob,37.27306,-112.94625,319,11.009556591
canyonob,37.27309,-112.94636,320,11.019865232
canyonob,37.27321,-112.94653,321,11.039982485
canyonob,37.27334,-112.94661,322,11.056060561
canyonob,37.27434,-112.94667,323,11.167170849
canyonob,37.2746,-112.94667,324,11.196026375
canyonob,37.27474,-112.94665,325,11.21166489
canyonob,37.27532,-112.9465,326,11.277395276
canyonob,37.27558,-112.94647,327,11.306373215
canyonob,37.27618,-112.94647,328,11.372962907
canyonob,37.27634,-112.94645,329,11.390808531
canyonob,37.27652,-112.94637,330,11.412007988
canyonob,37.2766,-112.94632,331,11.421932404
canyonob,37.27679,-112.94614,332,11.448380377
canyonob,37.27773,-112.94506,333,11.590005744
canyonob,37.2779,-112.9449,334,11.613613365
canyonob,37.27803,-112.94481,335,11.630101835
canyonob,37.27816,-112.94474,336,11.645808538
canyonob,37.27837,-112.94467,337,11.669927578
canyonob,37.27842,-112.94464,338,11.676081576
canyonob,37.27877,-112.94453,339,11.716131862
canyonob,37.27891,-112.94452,340,11.731694754
canyonob,37.2796,-112.94452,341,11.808272944
canyonob,37.27965,-112.94453,342,11.813892508
canyonob,37.2798,-112.94453,343,11.830539942
canyonob,37.28001,-112.94457,344,11.85411477
canyonob,37.28003,-112.94458,345,11.856505036
canyonob,37.2801,-112.9446,346,11.86447374
canyonob,37.28023,-112.94466,347,11.879851459
canyonob,37.28034,-112.94474,348,11.893971413
canyonob,37.2805,-112.94489,349,11.916158764
canyonob,37.28091,-112.94533,350,11.976101544
canyonob,37.28108,-112.94554,351,12.002611917
canyonob,37.28129,-112.94593,352,12.044318047
canyonob,37.2816,-112.9466,353,12.112977338
canyonob,37.28161,-112.94661,354,12.114397963
canyonob,37.28167,-112.94674,355,12.127711597
canyonob,37.28175,-112.94686,356,12.14157087
canyonob,37.28181,-112.94693,357,12.150674611
canyonob,37.28195,-112.94704,358,12.169020667
canyonob,37.28201,-112.94707,359,12.176191441
canyonob,37.28217,-112.9471,360,12.194146904
canyonob,37.28225,-112.9471,361,12.203025539
canyonob,37.28233,-112.94707,362,12.212294203
canyonob,37.28235,-112.94707,363,12.214513862
canyonob,37.28236,-112.94706,364,12.215934482
canyonob,37.28241,-112.94704,365,12.221760183
canyonob,37.28257,-112.94689,366,12.24394732
canyonob,37.28262,-112.94682,367,12.252273685
canyonob,37.2827,-112.9466,368,12.273708799
canyonob,37.28274,-112.94639,369,12.292853622
canyonob,37.28274,-112.94637,370,12.294627242
canyonob,37.28275,-112.94635,371,12.296719477
canyonob,37.28282,-112.9459,372,12.337375071
canyonob,37.28286,-112.94575,373,12.351398419
canyonob,37.28289,-112.94568,374,12.358442603
canyonob,37.28294,-112.9456,375,12.367449515
canyonob,37.28299,-112.94554,376,12.375137455
canyonob,37.283,-112.94552,377,12.377229686
canyonob,37.28327,-112.94517,378,12.420372406
canyonob,37.28337,-112.94506,379,12.435148366
canyonob,37.28338,-112.94504,380,12.437240589
canyonob,37.28352,-112.94489,381,12.457694473
canyonob,37.28354,-112.94486,382,12.461159243
canyonob,37.28374,-112.9447,383,12.487503323
canyonob,37.2838,-112.94467,384,12.494674075
canyonob,37.28382,-112.94465,385,12.497515294
canyonob,37.28383,-112.94465,386,12.498625124
canyonob,37.2839,-112.94461,387,12.507165435
canyonob,37.28397,-112.94459,388,12.515134124
canyonob,37.28399,-112.94458,389,12.517524374
canyonob,37.28415,-112.94455,390,12.535479832
canyonob,37.28432,-112.94457,391,12.554430117
canyonob,37.28457,-112.94466,392,12.583300941
canyonob,37.28468,-112.94471,393,12.596289329
canyonob,37.28473,-112.94474,394,12.602443237
canyonob,37.28483,-112.94486,395,12.617818943
canyonob,37.28485,-112.94491,396,12.62277743
canyonob,37.28487,-112.94501,397,12.631918857
canyonob,37.28487,-112.94559,398,12.68335239
canyonob,37.28493,-112.9464,399,12.755489951
canyonob,37.28502,-112.94677,400,12.789787638
canyonob,37.28515,-112.94756,401,12.86131371
canyonib,37.28515,-112.94756,1,0
canyonib,37.28516,-112.94782,2,0.023
canyonib,37.28513,-112.94789,3,0.03
canyonib,37.28509,-112.94793,4,0.036
canyonib,37.28506,-112.94794,5,0.039
canyonib,37.285,-112.94794,6,0.046
canyonib,37.28494,-112.94792,7,0.053
canyonib,37.28491,-112.94789,8,0.057
canyonib,37.28487,-112.9478,9,0.066
canyonib,37.28486,-112.94776,10,0.07
canyonib,37.28483,-112.94745,11,0.097
canyonib,37.28493,-112.9464,12,0.191
canyonib,37.28487,-112.94559,13,0.263
canyonib,37.28487,-112.94501,14,0.314
canyonib,37.28485,-112.94491,15,0.323
canyonib,37.28483,-112.94486,16,0.328
canyonib,37.28473,-112.94474,17,0.344
canyonib,37.28468,-112.94471,18,0.35
canyonib,37.28457,-112.94466,19,0.363
canyonib,37.28432,-112.94457,20,0.392
canyonib,37.28415,-112.94455,21,0.411
canyonib,37.28399,-112.94458,22,0.429
canyonib,37.28397,-112.94459,23,0.431
canyonib,37.2839,-112.94461,24,0.439
canyonib,37.28383,-112.94465,25,0.448
canyonib,37.28382,-112.94465,26,0.449
canyonib,37.2838,-112.94467,27,0.452
canyonib,37.28374,-112.9447,28,0.459
canyonib,37.28354,-112.94486,29,0.485
canyonib,37.28352,-112.94489,30,0.489
canyonib,37.28338,-112.94504,31,0.509
canyonib,37.28337,-112.94506,32,0.511
canyonib,37.28327,-112.94517,33,0.526
canyonib,37.283,-112.94552,34,0.569
canyonib,37.28299,-112.94554,35,0.571
canyonib,37.28294,-112.9456,36,0.579
canyonib,37.28289,-112.94568,37,0.588
canyonib,37.28286,-112.94575,38,0.595
canyonib,37.28282,-112.9459,39,0.609
canyonib,37.28275,-112.94635,40,0.65
canyonib,37.28274,-112.94637,41,0.652
canyonib,37.28274,-112.94639,42,0.653
canyonib,37.2827,-112.9466,43,0.673
canyonib,37.28262,-112.94682,44,0.694
canyonib,37.28257,-112.94689,45,0.702
canyonib,37.28241,-112.94704,46,0.724
canyonib,37.28236,-112.94706,47,0.73
canyonib,37.28235,-112.94707,48,0.732
canyonib,37.28233,-112.94707,49,0.734
canyonib,37.28225,-112.9471,50,0.743
canyonib,37.28217,-112.9471,51,0.752
canyonib,37.28201,-112.94707,52,0.77
canyonib,37.28195,-112.94704,53,0.777
canyonib,37.28181,-112.94693,54,0.796
canyonib,37.28175,-112.94686,55,0.805
canyonib,37.28167,-112.94674,56,0.819
canyonib,37.28161,-112.94661,57,0.832
canyonib,37.2816,-112.9466,58,0.833
canyonib,37.28129,-112.94593,59,0.902
canyonib,37.28108,-112.94554,60,0.944
canyonib,37.28091,-112.94533,61,0.97
canyonib,37.2805,-112.94489,62,1.03
canyonib,37.28034,-112.94474,63,1.052
canyonib,37.28023,-112.94466,64,1.066
canyonib,37.2801,-112.9446,65,1.082
canyonib,37.28003,-112.94458,66,1.09
canyonib,37.28001,-112.94457,67,1.092
canyonib,37.2798,-112.94453,68,1.116
canyonib,37.27965,-112.94453,69,1.132
canyonib,37.2796,-112.94452,70,1.138
canyonib,37.27891,-112.94452,71,1.215
canyonib,37.27877,-112.94453,72,1.23
canyonib,37.27842,-112.94464,73,1.27
canyonib,37.27837,-112.94467,74,1.277
canyonib,37.27816,-112.94474,75,1.301
canyonib,37.27803,-112.94481,76,1.316
canyonib,37.2779,-112.9449,77,1.333
canyonib,37.27773,-112.94506,78,1.357
canyonib,37.27679,-112.94614,79,1.498
canyonib,37.2766,-112.94632,80,1.525
canyonib,37.27652,-112.94637,81,1.535
canyonib,37.27634,-112.94645,82,1.556
canyonib,37.27618,-112.94647,83,1.574
canyonib,37.27558,-112.94647,84,1.64
canyonib,37.27532,-112.9465,85,1.669
canyonib,37.27474,-112.94665,86,1.735
canyonib,37.2746,-112.94667,87,1.751
canyonib,37.27434,-112.94667,88,1.78
canyonib,37.27334,-112.94661,89,1.891
canyonib,37.27329,-112.94658,90,1.897
canyonib,37.27324,-112.94661,91,1.904
canyonib,37.27321,-112.94662,92,1.907
canyonib,37.27317,-112.94662,93,1.911
canyonib,37.27311,-112.94661,94,1.918
canyonib,37.27307,-112.94655,95,1.925
canyonib,37.27301,-112.94641,96,1.939
canyonib,37.27295,-112.94623,97,1.956
canyonib,37.27293,-112.94612,98,1.966
canyonib,37.27293,-112.94606,99,1.972
canyonib,37.27297,-112.94598,100,1.98
canyonib,37.27301,-112.94593,101,1.986
canyonib,37.27302,-112.9459,102,1.989
canyonib,37.27304,-112.94589,103,1.992
canyonib,37.27305,-112.94588,104,1.993
canyonib,37.27316,-112.9454,105,2.037
canyonib,37.27341,-112.94459,106,2.114
canyonib,37.2737,-112.94411,107,2.167
canyonib,37.27379,-112.94391,108,2.188
canyonib,37.27386,-112.94371,109,2.207
canyonib,37.27396,-112.94326,110,2.248
canyonib,37.274,-112.94287,111,2.283
canyonib,37.274,-112.94249,112,2.317
canyonib,37.27398,-112.94222,113,2.341
canyonib,37.27397,-112.94219,114,2.344
canyonib,37.27395,-112.94202,115,2.359
canyonib,37.27388,-112.94168,116,2.39
canyonib,37.27377,-112.94133,117,2.423
canyonib,37.27366,-112.94104,118,2.452
canyonib,37.27321,-112.94016,119,2.544
canyonib,37.27304,-112.93993,120,2.572
canyonib,37.27284,-112.93972,121,2.601
canyonib,37.27273,-112.93963,122,2.616
canyonib,37.27265,-112.93958,123,2.626
canyonib,37.2726,-112.93954,124,2.632
canyonib,37.27255,-112.93951,125,2.638
canyonib,37.27244,-112.93946,126,2.651
canyonib,37.27243,-112.93946,127,2.652
canyonib,37.27223,-112.93937,128,2.676
canyonib,37.27211,-112.93933,129,2.69
canyonib,37.27184,-112.93928,130,2.72
canyonib,37.27155,-112.93928,131,2.752
canyonib,37.27137,-112.93931,132,2.773
canyonib,37.27116,-112.93937,133,2.797
canyonib,37.27115,-112.93937,134,2.798
canyonib,37.27049,-112.93972,135,2.877
canyonib,37.27045,-112.93973,136,2.882
canyonib,37.27,-112.93995,137,2.936
canyonib,37.26974,-112.94012,138,2.968
canyonib,37.26967,-112.94018,139,2.978
canyonib,37.26929,-112.94058,140,3.033
canyonib,37.26906,-112.9409,141,3.071
canyonib,37.26891,-112.94115,142,3.099
canyonib,37.26875,-112.94147,143,3.132
canyonib,37.26858,-112.94189,144,3.174
canyonib,37.26852,-112.94212,145,3.195
canyonib,37.26847,-112.94242,146,3.222
canyonib,37.26846,-112.94245,147,3.225
canyonib,37.26838,-112.94301,148,3.276
canyonib,37.26825,-112.94349,149,3.32
canyonib,37.2681,-112.94382,150,3.354
canyonib,37.26797,-112.94404,151,3.378
canyonib,37.26785,-112.94421,152,3.398
canyonib,37.26763,-112.94439,153,3.428
canyonib,37.26748,-112.94448,154,3.446
canyonib,37.26721,-112.9446,155,3.478
canyonib,37.26717,-112.94461,156,3.482
canyonib,37.26687,-112.94475,157,3.518
canyonib,37.26683,-112.94476,158,3.523
canyonib,37.26653,-112.94491,159,3.558
canyonib,37.2665,-112.94493,160,3.562
canyonib,37.26587,-112.94523,161,3.637
canyonib,37.26581,-112.94527,162,3.645
canyonib,37.26573,-112.94531,163,3.654
canyonib,37.26566,-112.94536,164,3.663
canyonib,37.2655,-112.94551,165,3.685
canyonib,37.26545,-112.94557,166,3.693
canyonib,37.26533,-112.94578,167,3.716
canyonib,37.26524,-112.94605,168,3.742
canyonib,37.26524,-112.94606,169,3.743
canyonib,37.26521,-112.94616,170,3.752
canyonib,37.26514,-112.94662,171,3.794
canyonib,37.26514,-112.94667,172,3.798
canyonib,37.26503,-112.9471,173,3.838
canyonib,37.26497,-112.94724,174,3.852
canyonib,37.26485,-112.94746,175,3.876
canyonib,37.26468,-112.94769,176,3.904
canyonib,37.26459,-112.94778,177,3.916
canyonib,37.26435,-112.94798,178,3.948
canyonib,37.26403,-112.94821,179,3.989
canyonib,37.2634,-112.94862,180,4.068
canyonib,37.26323,-112.94871,181,4.089
canyonib,37.26306,-112.94875,182,4.108
canyonib,37.26286,-112.94876,183,4.13
canyonib,37.26261,-112.94872,184,4.158
canyonib,37.26136,-112.94842,185,4.3
canyonib,37.26108,-112.94838,186,4.331
canyonib,37.261,-112.94838,187,4.34
canyonib,37.26078,-112.94843,188,4.365
canyonib,37.26066,-112.94847,189,4.379
canyonib,37.26065,-112.94848,190,4.38
canyonib,37.2604,-112.94861,191,4.41
canyonib,37.26028,-112.9487,192,4.426
canyonib,37.25997,-112.94904,193,4.471
canyonib,37.25975,-112.9494,194,4.512
canyonib,37.25969,-112.94955,195,4.526
canyonib,37.25945,-112.95045,196,4.61
canyonib,37.25922,-112.95045,197,4.636
canyonib,37.25919,-112.95047,198,4.64
canyonib,37.25903,-112.95102,199,4.692
canyonib,37.25903,-112.95105,200,4.694
canyonib,37.25901,-112.95115,201,4.703
canyonib,37.25903,-112.95125,202,4.713
canyonib,37.25902,-112.95171,203,4.753
canyonib,37.25878,-112.95205,204,4.794
canyonib,37.25877,-112.95208,205,4.796
canyonib,37.25857,-112.95235,206,4.829
canyonib,37.25823,-112.9527,207,4.878
canyonib,37.25793,-112.95296,208,4.918
canyonib,37.25763,-112.95315,209,4.956
canyonib,37.25748,-112.95321,210,4.973
canyonib,37.25745,-112.95323,211,4.977
canyonib,37.25585,-112.95389,212,5.164
canyonib,37.25532,-112.95416,213,5.228
canyonib,37.25479,-112.95449,214,5.294
canyonib,37.25429,-112.95489,215,5.36
canyonib,37.25374,-112.95544,216,5.438
canyonib,37.25247,-112.95702,217,5.637
canyonib,37.25217,-112.95661,218,5.686
canyonib,37.25196,-112.95642,219,5.715
canyonib,37.25192,-112.95637,220,5.721
canyonib,37.2519,-112.95633,221,5.725
canyonib,37.25188,-112.95626,222,5.732
canyonib,37.25189,-112.95621,223,5.736
canyonib,37.25191,-112.95617,224,5.74
canyonib,37.25193,-112.95615,225,5.743
canyonib,37.25199,-112.95611,226,5.751
canyonib,37.25224,-112.95611,227,5.779
canyonib,37.25236,-112.95613,228,5.792
canyonib,37.25244,-112.9562,229,5.803
canyonib,37.25249,-112.95628,230,5.812
canyonib,37.25249,-112.95638,231,5.821
canyonib,37.25248,-112.95641,232,5.824
canyonib,37.25247,-112.95642,233,5.825
canyonib,37.25246,-112.95645,234,5.828
canyonib,37.25245,-112.95646,235,5.829
canyonib,37.25243,-112.95647,236,5.832
canyonib,37.25241,-112.95649,237,5.835
canyonib,37.25232,-112.95652,238,5.845
canyonib,37.25217,-112.95661,239,5.863
canyonib,37.25247,-112.95702,240,5.913
canyonib,37.25217,-112.95742,241,5.961
canyonib,37.25203,-112.95758,242,5.982
canyonib,37.25182,-112.95778,243,6.012
canyonib,37.25167,-112.95788,244,6.031
canyonib,37.25158,-112.95792,245,6.041
canyonib,37.25146,-112.95796,246,6.055
canyonib,37.25129,-112.95798,247,6.074
canyonib,37.25117,-112.95798,248,6.087
canyonib,37.25053,-112.95789,249,6.159
canyonib,37.25034,-112.95784,250,6.18
canyonib,37.24411,-112.95684,251,6.879
canyonib,37.24377,-112.9568,252,6.917
canyonib,37.24345,-112.9568,253,6.952
canyonib,37.24299,-112.95686,254,7.004
canyonib,37.24264,-112.95696,255,7.044
canyonib,37.24263,-112.95696,256,7.045
canyonib,37.24246,-112.95703,257,7.065
canyonib,37.24241,-112.95706,258,7.071
canyonib,37.2423,-112.95711,259,7.084
canyonib,37.2417,-112.95749,260,7.159
canyonib,37.23693,-112.96082,261,7.765
canyonib,37.23647,-112.96103,262,7.82
canyonib,37.23632,-112.96107,263,7.837
canyonib,37.23629,-112.96107,264,7.84
canyonib,37.23612,-112.96111,265,7.86
canyonib,37.23596,-112.96113,266,7.877
canyonib,37.23551,-112.96114,267,7.927
canyonib,37.23528,-112.96118,268,7.953
canyonib,37.23505,-112.96126,269,7.98
canyonib,37.23488,-112.96134,270,8
canyonib,37.23463,-112.96149,271,8.031
canyonib,37.23443,-112.96165,272,8.057
canyonib,37.23367,-112.96239,273,8.164
canyonib,37.23346,-112.96251,274,8.19
canyonib,37.23337,-112.96254,275,8.2
canyonib,37.23324,-112.96257,276,8.215
canyonib,37.23306,-112.96257,277,8.235
canyonib,37.23301,-112.96256,278,8.24
canyonib,37.23277,-112.96254,279,8.267
canyonib,37.23255,-112.96256,280,8.292
canyonib,37.23233,-112.96263,281,8.317
canyonib,37.23158,-112.96304,282,8.408
canyonib,37.23147,-112.96308,283,8.421
canyonib,37.23132,-112.96312,284,8.438
canyonib,37.23124,-112.96313,285,8.447
canyonib,37.23099,-112.96313,286,8.474
canyonib,37.23023,-112.96301,287,8.56
canyonib,37.23004,-112.96302,288,8.581
canyonib,37.22996,-112.96305,289,8.59
canyonib,37.22988,-112.9631,290,8.6
canyonib,37.22979,-112.96317,291,8.612
canyonib,37.22966,-112.96336,292,8.634
canyonib,37.2294,-112.96382,293,8.684
canyonib,37.22922,-112.96419,294,8.722
canyonib,37.22892,-112.96495,295,8.797
canyonib,37.22879,-112.9652,296,8.824
canyonib,37.22864,-112.96545,297,8.851
canyonib,37.22836,-112.96579,298,8.895
canyonib,37.22827,-112.96588,299,8.908
canyonib,37.22819,-112.96598,300,8.92
canyonib,37.22819,-112.96599,301,8.921
canyonib,37.22813,-112.96607,302,8.931
canyonib,37.22806,-112.96619,303,8.944
canyonib,37.22787,-112.9666,304,8.986
canyonib,37.22779,-112.96671,305,8.999
canyonib,37.22773,-112.96677,306,9.008
canyonib,37.22767,-112.96681,307,9.015
canyonib,37.22754,-112.96687,308,9.031
canyonib,37.22738,-112.96692,309,9.049
canyonib,37.22681,-112.96716,310,9.116
canyonib,37.22614,-112.96748,311,9.195
canyonib,37.22578,-112.96768,312,9.239
canyonib,37.22379,-112.9691,313,9.494
canyonib,37.22314,-112.96968,314,9.582
canyonib,37.22224,-112.97068,315,9.716
canyonib,37.22204,-112.97086,316,9.743
canyonib,37.22177,-112.97107,317,9.779
canyonib,37.22158,-112.97125,318,9.805
canyonib,37.2215,-112.97136,319,9.818
canyonib,37.22148,-112.97138,320,9.821
canyonib,37.22141,-112.97149,321,9.834
canyonib,37.22131,-112.97173,322,9.858
canyonib,37.22129,-112.97176,323,9.861
canyonib,37.22101,-112.97276,324,9.955
canyonib,37.22084,-112.97317,325,9.996
canyonib,37.22074,-112.97333,326,10.014
canyonib,37.22061,-112.97347,327,10.033
canyonib,37.22048,-112.97357,328,10.05
canyonib,37.22033,-112.97361,329,10.067
canyonib,37.22025,-112.97362,330,10.076
canyonib,37.22017,-112.97362,331,10.085
canyonib,37.21947,-112.97346,332,10.164
canyonib,37.21936,-112.97346,333,10.176
canyonib,37.21922,-112.97348,334,10.192
canyonib,37.21914,-112.97351,335,10.201
canyonib,37.21913,-112.97351,336,10.202
canyonib,37.21896,-112.97357,337,10.222
canyonib,37.2188,-112.97366,338,10.241
canyonib,37.21879,-112.97366,339,10.242
canyonib,37.21848,-112.97385,340,10.281
canyonib,37.21847,-112.97385,341,10.282
canyonib,37.21801,-112.97411,342,10.338
canyonib,37.21773,-112.97431,343,10.374
canyonib,37.21752,-112.97443,344,10.399
canyonib,37.21754,-112.97463,345,10.417
canyonib,37.21755,-112.97467,346,10.421
canyonib,37.21758,-112.97508,347,10.458
canyonib,37.21759,-112.9751,348,10.46
canyonib,37.2176,-112.97526,349,10.474
canyonib,37.21761,-112.97531,350,10.478
canyonib,37.2176,-112.97553,351,10.498
canyonib,37.21759,-112.97559,352,10.503
canyonib,37.21753,-112.97572,353,10.517
canyonib,37.21748,-112.97579,354,10.525
canyonib,37.2174,-112.97588,355,10.537
canyonib,37.21729,-112.97596,356,10.551
canyonib,37.21707,-112.97609,357,10.578
canyonib,37.21706,-112.97609,358,10.579
canyonib,37.21563,-112.97685,359,10.752
canyonib,37.21468,-112.97725,360,10.863
canyonib,37.21205,-112.97814,361,11.166
canyonib,37.2118,-112.97824,362,11.195
canyonib,37.21178,-112.97826,363,11.198
canyonib,37.21145,-112.97843,364,11.238
canyonib,37.21106,-112.97867,365,11.286
canyonib,37.21097,-112.97872,366,11.297
canyonib,37.21064,-112.97887,367,11.336
canyonib,37.21032,-112.97899,368,11.373
canyonib,37.21026,-112.979,369,11.38
canyonib,37.2101,-112.97905,370,11.398
canyonib,37.20979,-112.97908,371,11.433
canyonib,37.20967,-112.97936,372,11.461
canyonib,37.20931,-112.97994,373,11.526
canyonib,37.20926,-112.98,374,11.534
canyonib,37.20916,-112.98009,375,11.548
canyonib,37.20899,-112.98021,376,11.569
canyonib,37.20898,-112.98021,377,11.57
canyonib,37.20866,-112.98033,378,11.607
canyonib,37.20845,-112.98037,379,11.631
canyonib,37.20838,-112.98037,380,11.639
canyonib,37.20831,-112.98036,381,11.647
canyonib,37.20827,-112.98034,382,11.651
canyonib,37.20823,-112.98029,383,11.658
canyonib,37.20821,-112.98022,384,11.664
canyonib,37.20822,-112.98013,385,11.672
canyonib,37.20824,-112.98006,386,11.679
canyonib,37.20827,-112.98002,387,11.684
canyonib,37.20832,-112.98,388,11.69
canyonib,37.20857,-112.97997,389,11.718
canyonib,37.20889,-112.97989,390,11.754
canyonib,37.209,-112.97984,391,11.767
canyonib,37.20929,-112.97966,392,11.803
canyonib,37.20936,-112.97964,393,11.811
canyonib,37.20942,-112.97964,394,11.818
canyonib,37.2095,-112.97963,395,11.826
canyonib,37.20967,-112.97936,396,11.857
canyonib,37.20979,-112.97908,397,11.885
canyonib,37.20964,-112.97911,398,11.902
canyonib,37.20888,-112.97919,399,11.987
canyonib,37.20876,-112.97922,400,12
canyonib,37.20844,-112.97936,401,12.038
canyonib,37.20837,-112.97941,402,12.047
canyonib,37.20828,-112.97946,403,12.058
canyonib,37.20814,-112.97958,404,12.077
canyonib,37.20789,-112.97984,405,12.113
canyonib,37.20776,-112.98003,406,12.135
canyonib,37.20757,-112.98038,407,12.173
canyonib,37.20744,-112.98072,408,12.206
canyonib,37.20725,-112.9816,409,12.287
canyonib,37.20714,-112.982,410,12.324
canyonib,37.20694,-112.98249,411,12.373
canyonib,37.20691,-112.98253,412,12.378
canyonib,37.20682,-112.9827,413,12.396
canyonib,37.20655,-112.98305,414,12.439
canyonib,37.20627,-112.98331,415,12.478
canyonib,37.20598,-112.98352,416,12.515
canyonib,37.20521,-112.98395,417,12.609
canyonib,37.20503,-112.98408,418,12.632
canyonib,37.20471,-112.98439,419,12.677
canyonib,37.20449,-112.98466,420,12.711
canyonib,37.20428,-112.98497,421,12.747
canyonib,37.20421,-112.98511,422,12.762
canyonib,37.20417,-112.98517,423,12.769
canyonib,37.20397,-112.98568,424,12.819
canyonib,37.20385,-112.98608,425,12.857
canyonib,37.20363,-112.9866,426,12.909
canyonib,37.20336,-112.98703,427,12.957
canyonib,37.20302,-112.98744,428,13.01
canyonib,37.20262,-112.98784,429,13.067
canyonib,37.20237,-112.98745,430,13.111
canyonib,37.20207,-112.98704,431,13.16
canyonib,37.20194,-112.98691,432,13.179
canyonib,37.20179,-112.98679,433,13.199
canyonib,37.2015,-112.98661,434,13.235
canyonib,37.2012,-112.98645,435,13.271
canyonib,37.20065,-112.98612,436,13.339
canyonib,37.20053,-112.98645,437,13.371
canyonib,37.20052,-112.98652,438,13.377
canyonib,37.20052,-112.98659,439,13.383
canyonib,37.20054,-112.98666,440,13.39
canyonib,37.20057,-112.98671,441,13.395
canyonib,37.20062,-112.98674,442,13.402
canyonib,37.20064,-112.98676,443,13.404
canyonib,37.20066,-112.98677,444,13.407
canyonib,37.20068,-112.98677,445,13.409
townob,37.16657,-113.01363,1,0
townob,37.16677,-113.01356,2,0.023
townob,37.16698,-113.0135,3,0.047
townob,37.1671,-113.01347,4,0.061
townob,37.16726,-113.01344,5,0.079
townob,37.16752,-113.01338,6,0.108
townob,37.16761,-113.01336,7,0.118
townob,37.16764,-113.01336,8,0.122
townob,37.16797,-113.01329,9,0.159
townob,37.16814,-113.01326,10,0.178
townob,37.16825,-113.01325,11,0.19
townob,37.16864,-113.0132,12,0.234
townob,37.16868,-113.0132,13,0.238
townob,37.16874,-113.01319,14,0.245
townob,37.1689,-113.01319,15,0.263
townob,37.16904,-113.0132,16,0.278
townob,37.16914,-113.0132,17,0.289
townob,37.16923,-113.01321,18,0.299
townob,37.16934,-113.01322,19,0.312
townob,37.1694,-113.01323,20,0.318
townob,37.16947,-113.01324,21,0.326
townob,37.16963,-113.01328,22,0.344
townob,37.16993,-113.01335,23,0.378
townob,37.17011,-113.0134,24,0.399
townob,37.17015,-113.01341,25,0.403
townob,37.17041,-113.01345,26,0.432
townob,37.17057,-113.01346,27,0.45
townob,37.17096,-113.01347,28,0.494
townob,37.17127,-113.01344,29,0.528
townob,37.1714,-113.01343,30,0.543
townob,37.17176,-113.01339,31,0.583
townob,37.17197,-113.01336,32,0.606
townob,37.17212,-113.01333,33,0.623
townob,37.17227,-113.01329,34,0.64
townob,37.17244,-113.01321,35,0.661
townob,37.17254,-113.01316,36,0.673
townob,37.17255,-113.01316,37,0.674
townob,37.17256,-113.01314,38,0.676
townob,37.17264,-113.0131,39,0.685
townob,37.17272,-113.01304,40,0.696
townob,37.17288,-113.01292,41,0.716
townob,37.17317,-113.01266,42,0.756
townob,37.17389,-113.01203,43,0.854
townob,37.17451,-113.01149,44,0.938
townob,37.17482,-113.01119,45,0.981
townob,37.17492,-113.01109,46,0.995
townob,37.17521,-113.01082,47,1.035
townob,37.17551,-113.01052,48,1.078
townob,37.17594,-113.01011,49,1.138
townob,37.1764,-113.00967,50,1.202
townob,37.17651,-113.00956,51,1.218
townob,37.17673,-113.00936,52,1.248
townob,37.17683,-113.00926,53,1.262
townob,37.17695,-113.00914,54,1.28
townob,37.17709,-113.00902,55,1.298
townob,37.17718,-113.00894,56,1.311
townob,37.17739,-113.00878,57,1.338
townob,37.17791,-113.00839,58,1.405
townob,37.17834,-113.00803,59,1.463
townob,37.17877,-113.00768,60,1.52
townob,37.17884,-113.00762,61,1.529
townob,37.1791,-113.00742,62,1.563
townob,37.17929,-113.00726,63,1.589
townob,37.17936,-113.00721,64,1.598
townob,37.17963,-113.00699,65,1.633
townob,37.17984,-113.00682,66,1.661
townob,37.17986,-113.00681,67,1.664
townob,37.17989,-113.00679,68,1.667
townob,37.18002,-113.00669,69,1.684
townob,37.18012,-113.00661,70,1.697
townob,37.18018,-113.00656,71,1.705
townob,37.18025,-113.00651,72,1.714
townob,37.18033,-113.00644,73,1.725
townob,37.18037,-113.00641,74,1.73
townob,37.18048,-113.00633,75,1.745
townob,37.18051,-113.0063,76,1.749
townob,37.18055,-113.00627,77,1.754
townob,37.18064,-113.00622,78,1.765
townob,37.18065,-113.00621,79,1.766
townob,37.18078,-113.00614,80,1.782
townob,37.18086,-113.00609,81,1.792
townob,37.18094,-113.00605,82,1.802
townob,37.18096,-113.00604,83,1.804
townob,37.18111,-113.00596,84,1.822
townob,37.18123,-113.00589,85,1.837
townob,37.18135,-113.00582,86,1.852
townob,37.18142,-113.00576,87,1.861
townob,37.18143,-113.00575,88,1.862
townob,37.18152,-113.00568,89,1.874
townob,37.18167,-113.00552,90,1.896
townob,37.18175,-113.00542,91,1.909
townob,37.18183,-113.00533,92,1.921
townob,37.18194,-113.00514,93,1.941
townob,37.18201,-113.00505,94,1.953
townob,37.1821,-113.00492,95,1.968
townob,37.18213,-113.00488,96,1.973
townob,37.18216,-113.00483,97,1.978
townob,37.18224,-113.00471,98,1.992
townob,37.18248,-113.00439,99,2.031
townob,37.18249,-113.00437,100,2.033
townob,37.18259,-113.00424,101,2.049
townob,37.18267,-113.00413,102,2.062
townob,37.1828,-113.00399,103,2.081
townob,37.1829,-113.00389,104,2.096
townob,37.18298,-113.00381,105,2.107
townob,37.18315,-113.00368,106,2.129
townob,37.18324,-113.00361,107,2.141
townob,37.18328,-113.00359,108,2.146
townob,37.18333,-113.00355,109,2.152
townob,37.18349,-113.00344,110,2.172
townob,37.18363,-113.00336,111,2.19
townob,37.18376,-113.00327,112,2.206
townob,37.18393,-113.00317,113,2.227
townob,37.18404,-113.00311,114,2.24
townob,37.18405,-113.00311,115,2.241
townob,37.18448,-113.00289,116,2.293
townob,37.18453,-113.00287,117,2.299
townob,37.18461,-113.00281,118,2.309
townob,37.18466,-113.00278,119,2.315
townob,37.18462,-113.00275,120,2.321
townob,37.18458,-113.0027,121,2.327
townob,37.18456,-113.00264,122,2.333
townob,37.18455,-113.00263,123,2.334
townob,37.18456,-113.00264,124,2.335
townob,37.18458,-113.0027,125,2.341
townob,37.18462,-113.00275,126,2.348
townob,37.18466,-113.00278,127,2.353
townob,37.18496,-113.00262,128,2.389
townob,37.18516,-113.00253,129,2.413
townob,37.18523,-113.00249,130,2.421
townob,37.18559,-113.00229,131,2.465
townob,37.1861,-113.00201,132,2.527
townob,37.18635,-113.00186,133,2.558
townob,37.18684,-113.00159,134,2.617
townob,37.18718,-113.00139,135,2.659
townob,37.18752,-113.0012,136,2.7
townob,37.18801,-113.00091,137,2.76
townob,37.18808,-113.00086,138,2.769
townob,37.18817,-113.00082,139,2.78
townob,37.18825,-113.00076,140,2.79
townob,37.18831,-113.00071,141,2.798
townob,37.18839,-113.00066,142,2.808
townob,37.18846,-113.00058,143,2.819
townob,37.18853,-113.00049,144,2.83
townob,37.18857,-113.00042,145,2.838
townob,37.18863,-113.00029,146,2.851
townob,37.18867,-113.00014,147,2.865
townob,37.18869,-113.00004,148,2.874
townob,37.1888,-112.9994,149,2.932
townob,37.18893,-112.99859,150,3.005
townob,37.18903,-112.99798,151,3.06
townob,37.18911,-112.99745,152,3.108
townob,37.18915,-112.99719,153,3.132
townob,37.18921,-112.99691,154,3.157
townob,37.18927,-112.99671,155,3.176
townob,37.18933,-112.99652,156,3.194
townob,37.18939,-112.99638,157,3.209
townob,37.18951,-112.99612,158,3.235
townob,37.18952,-112.99609,159,3.238
townob,37.1896,-112.99594,160,3.254
townob,37.18961,-112.99593,161,3.255
townob,37.1897,-112.9958,162,3.271
townob,37.18972,-112.99576,163,3.275
townob,37.18985,-112.9956,164,3.295
townob,37.18986,-112.99559,165,3.297
townob,37.18994,-112.9955,166,3.308
townob,37.18998,-112.99545,167,3.315
townob,37.19012,-112.99531,168,3.335
townob,37.19048,-112.995,169,3.383
townob,37.19049,-112.995,170,3.384
townob,37.1908,-112.99473,171,3.426
townob,37.19085,-112.99469,172,3.433
townob,37.19109,-112.99448,173,3.465
townob,37.19166,-112.99401,174,3.541
townob,37.19184,-112.99388,175,3.564
townob,37.19196,-112.99381,176,3.579
townob,37.19209,-112.99373,177,3.595
townob,37.19217,-112.9937,178,3.604
townob,37.1924,-112.9936,179,3.631
townob,37.19268,-112.99351,180,3.664
townob,37.1927,-112.9935,181,3.666
townob,37.19302,-112.99343,182,3.702
townob,37.19317,-112.99338,183,3.719
townob,37.19359,-112.99329,184,3.767
townob,37.19372,-112.99326,185,3.781
townob,37.19375,-112.99325,186,3.785
townob,37.19389,-112.99322,187,3.801
townob,37.19398,-112.99318,188,3.811
townob,37.19415,-112.99314,189,3.831
townob,37.19427,-112.9931,190,3.844
townob,37.19455,-112.99303,191,3.876
townob,37.19471,-112.99299,192,3.894
townob,37.19477,-112.99296,193,3.901
townob,37.19506,-112.99289,194,3.934
townob,37.19513,-112.99288,195,3.942
townob,37.19548,-112.99281,196,3.982
townob,37.19584,-112.99275,197,4.022
townob,37.19601,-112.99273,198,4.041
townob,37.19612,-112.99271,199,4.053
townob,37.19619,-112.99269,200,4.061
townob,37.19623,-112.99268,201,4.066
townob,37.19627,-112.99266,202,4.071
townob,37.19635,-112.99262,203,4.08
townob,37.19646,-112.99255,204,4.094
townob,37.19648,-112.99254,205,4.096
townob,37.19659,-112.99245,206,4.111
townob,37.19679,-112.99229,207,4.137
townob,37.19698,-112.99215,208,4.162
townob,37.19707,-112.99209,209,4.173
townob,37.19724,-112.99199,210,4.194
townob,37.19739,-112.99189,211,4.213
townob,37.19749,-112.99184,212,4.225
townob,37.19753,-112.99181,213,4.23
townob,37.19756,-112.99179,214,4.234
townob,37.19765,-112.99173,215,4.245
townob,37.19775,-112.99167,216,4.257
townob,37.19783,-112.99161,217,4.268
townob,37.19784,-112.9916,218,4.269
townob,37.19807,-112.99145,219,4.298
townob,37.1981,-112.99142,220,4.302
townob,37.19821,-112.99135,221,4.316
townob,37.1984,-112.99122,222,4.34
townob,37.19866,-112.99106,223,4.372
townob,37.198705,-112.990934,224,4.384
townob,37.19868,-112.99078,225,4.398
townob,37.19868,-112.99071,226,4.405
townob,37.19867,-112.99067,227,4.408
townob,37.19868,-112.99064,228,4.411
townob,37.19869,-112.99061,229,4.414
townob,37.19871,-112.99059,230,4.417
townob,37.19873,-112.99056,231,4.42
townob,37.19875,-112.99054,232,4.423
townob,37.19878,-112.99053,233,4.427
townob,37.19882,-112.99052,234,4.431
townob,37.19886,-112.99052,235,4.436
townob,37.1989,-112.99052,236,4.44
townob,37.19895,-112.99049,237,4.446
townob,37.19921,-112.99033,238,4.478
townob,37.19937,-112.99023,239,4.498
townob,37.19938,-112.99022,240,4.5
townob,37.19939,-112.99022,241,4.501
townob,37.19944,-112.99017,242,4.508
townob,37.19953,-112.99005,243,4.523
townob,37.19958,-112.98999,244,4.53
townob,37.19939,-112.98976,245,4.56
townob,37.19942,-112.98972,246,4.564
townob,37.199493,-112.989577,247,4.579
townob,37.19949,-112.98926,248,4.608
townob,37.19953,-112.9892,249,4.614
townob,37.19972,-112.98894,250,4.646
townob,37.19975,-112.9889,251,4.651
townob,37.19976,-112.98888,252,4.653
townib,37.19976,-112.98888,1,0
townib,37.19983,-112.9888,2,0.011
townib,37.19988,-112.98879,3,0.016
townib,37.19994,-112.98881,4,0.023
townib,37.2,-112.98889,5,0.033
townib,37.19966,-112.98938,6,0.09
townib,37.19952,-112.989602,7,0.115
townib,37.199443,-112.989736,8,0.13
townib,37.199434,-112.989761,9,0.132
townib,37.199596,-112.989953,10,0.157
townib,37.19964,-112.98993,11,0.163
townib,37.19965,-112.98991,12,0.165
townib,37.19974,-112.98981,13,0.178
townib,37.19981,-112.98976,14,0.187
townib,37.19987,-112.98975,15,0.194
townib,37.19994,-112.98977,16,0.202
townib,37.19996,-112.98978,17,0.204
townib,37.20001,-112.98983,18,0.211
townib,37.2001,-112.98993,19,0.225
townib,37.20003,-112.99003,20,0.236
townib,37.19987,-112.99021,21,0.26
townib,37.1997,-112.99035,22,0.283
townib,37.19943,-112.99053,23,0.317
townib,37.19939,-112.99056,24,0.322
townib,37.19914,-112.99074,25,0.354
townib,37.19882,-112.99096,26,0.395
townib,37.198759,-112.99099,27,0.402
townib,37.198655,-112.991088,28,0.416
townib,37.1984,-112.99122,29,0.447
townib,37.19821,-112.99135,30,0.471
townib,37.1981,-112.99142,31,0.485
townib,37.19807,-112.99145,32,0.489
townib,37.19784,-112.9916,33,0.518
townib,37.19783,-112.99161,34,0.519
townib,37.19775,-112.99167,35,0.53
townib,37.19765,-112.99173,36,0.542
townib,37.19756,-112.99179,37,0.553
townib,37.19753,-112.99181,38,0.557
townib,37.19749,-112.99184,39,0.562
townib,37.19739,-112.99189,40,0.574
townib,37.19724,-112.99199,41,0.593
townib,37.19707,-112.99209,42,0.614
townib,37.19698,-112.99215,43,0.625
townib,37.19679,-112.99229,44,0.65
townib,37.19659,-112.99245,45,0.676
townib,37.19648,-112.99254,46,0.691
townib,37.19646,-112.99255,47,0.693
townib,37.19635,-112.99262,48,0.707
townib,37.19627,-112.99266,49,0.717
townib,37.19623,-112.99268,50,0.721
townib,37.19619,-112.99269,51,0.726
townib,37.19612,-112.99271,52,0.734
townib,37.19601,-112.99273,53,0.746
townib,37.19584,-112.99275,54,0.765
townib,37.19548,-112.99281,55,0.806
townib,37.19513,-112.99288,56,0.845
townib,37.19506,-112.99289,57,0.853
townib,37.19495,-112.99292,58,0.865
townib,37.19477,-112.99296,59,0.886
townib,37.19471,-112.99299,60,0.893
townib,37.19455,-112.99303,61,0.911
townib,37.19427,-112.9931,62,0.943
townib,37.19415,-112.99314,63,0.957
townib,37.19398,-112.99318,64,0.976
townib,37.19389,-112.99322,65,0.986
townib,37.19375,-112.99325,66,1.002
townib,37.19372,-112.99326,67,1.006
townib,37.19359,-112.99329,68,1.02
townib,37.19317,-112.99338,69,1.068
townib,37.19302,-112.99343,70,1.085
townib,37.1927,-112.9935,71,1.121
townib,37.19268,-112.99351,72,1.123
townib,37.1924,-112.9936,73,1.156
townib,37.19217,-112.9937,74,1.183
townib,37.19209,-112.99373,75,1.192
townib,37.19196,-112.99381,76,1.208
townib,37.19184,-112.99388,77,1.223
townib,37.19166,-112.99401,78,1.246
townib,37.19109,-112.99448,79,1.322
townib,37.19085,-112.99469,80,1.354
townib,37.1908,-112.99473,81,1.361
townib,37.19049,-112.995,82,1.403
townib,37.19048,-112.995,83,1.404
townib,37.19012,-112.99531,84,1.452
townib,37.18998,-112.99545,85,1.472
townib,37.18994,-112.9955,86,1.479
townib,37.18986,-112.99559,87,1.491
townib,37.18985,-112.9956,88,1.492
townib,37.18972,-112.99576,89,1.512
townib,37.1897,-112.9958,90,1.516
townib,37.18961,-112.99593,91,1.532
townib,37.1896,-112.99594,92,1.533
townib,37.18952,-112.99609,93,1.549
townib,37.18951,-112.99612,94,1.552
townib,37.18939,-112.99638,95,1.579
townib,37.18933,-112.99652,96,1.593
townib,37.18927,-112.99671,97,1.611
townib,37.18921,-112.99691,98,1.63
townib,37.18915,-112.99719,99,1.655
townib,37.18911,-112.99745,100,1.679
townib,37.18903,-112.99798,101,1.727
townib,37.18893,-112.99859,102,1.782
townib,37.1888,-112.9994,103,1.855
townib,37.18869,-113.00004,104,1.913
townib,37.18867,-113.00014,105,1.922
townib,37.18863,-113.00029,106,1.936
townib,37.18857,-113.00042,107,1.949
townib,37.18853,-113.00049,108,1.957
townib,37.18846,-113.00058,109,1.968
townib,37.18839,-113.00066,110,1.979
townib,37.18831,-113.00071,111,1.989
townib,37.18825,-113.00076,112,1.997
townib,37.18817,-113.00082,113,2.007
townib,37.18808,-113.00086,114,2.018
townib,37.18801,-113.00091,115,2.027
townib,37.18752,-113.0012,116,2.087
townib,37.18718,-113.00139,117,2.128
townib,37.18684,-113.00159,118,2.17
townib,37.18635,-113.00186,119,2.229
townib,37.1861,-113.00201,120,2.26
townib,37.18559,-113.00229,121,2.322
townib,37.18523,-113.00249,122,2.366
townib,37.18516,-113.00253,123,2.374
townib,37.18496,-113.00262,124,2.398
townib,37.18466,-113.00278,125,2.434
townib,37.18461,-113.00281,126,2.441
townib,37.18453,-113.00287,127,2.451
townib,37.18448,-113.00289,128,2.457
townib,37.18405,-113.00311,129,2.508
townib,37.18404,-113.00311,130,2.509
townib,37.184,-113.00314,131,2.515
townib,37.18393,-113.00317,132,2.523
townib,37.18376,-113.00327,133,2.544
townib,37.18363,-113.00336,134,2.56
townib,37.18349,-113.00344,135,2.577
townib,37.18333,-113.00355,136,2.598
townib,37.18328,-113.00359,137,2.604
townib,37.18324,-113.00361,138,2.609
townib,37.18315,-113.00368,139,2.621
townib,37.18298,-113.00381,140,2.643
townib,37.1829,-113.00389,141,2.654
townib,37.1828,-113.00399,142,2.669
townib,37.18267,-113.00413,143,2.688
townib,37.18259,-113.00424,144,2.701
townib,37.18249,-113.00437,145,2.717
townib,37.18248,-113.00439,146,2.719
townib,37.18224,-113.00471,147,2.758
townib,37.18216,-113.00483,148,2.772
townib,37.18213,-113.00488,149,2.777
townib,37.1821,-113.00492,150,2.782
townib,37.18201,-113.00505,151,2.797
townib,37.18194,-113.00514,152,2.808
townib,37.18183,-113.00533,153,2.829
townib,37.18175,-113.00542,154,2.841
townib,37.18167,-113.00552,155,2.854
townib,37.18152,-113.00568,156,2.876
townib,37.18143,-113.00575,157,2.887
townib,37.18142,-113.00576,158,2.889
townib,37.18135,-113.00582,159,2.898
townib,37.18123,-113.00589,160,2.913
townib,37.18111,-113.00596,161,2.928
townib,37.18096,-113.00604,162,2.946
townib,37.18094,-113.00605,163,2.948
townib,37.18086,-113.00609,164,2.958
townib,37.18078,-113.00614,165,2.968
townib,37.18065,-113.00621,166,2.983
townib,37.18064,-113.00622,167,2.985
townib,37.18055,-113.00627,168,2.996
townib,37.18051,-113.0063,169,3.001
townib,37.18048,-113.00633,170,3.005
townib,37.18037,-113.00641,171,3.019
townib,37.18033,-113.00644,172,3.025
townib,37.18025,-113.00651,173,3.035
townib,37.18018,-113.00656,174,3.044
townib,37.18012,-113.00661,175,3.052
townib,37.18002,-113.00669,176,3.066
townib,37.17989,-113.00679,177,3.083
townib,37.17986,-113.00681,178,3.086
townib,37.17984,-113.00682,179,3.089
townib,37.17963,-113.00699,180,3.117
townib,37.17936,-113.00721,181,3.152
townib,37.17929,-113.00726,182,3.161
townib,37.1791,-113.00742,183,3.187
townib,37.17884,-113.00762,184,3.221
townib,37.17877,-113.00768,185,3.23
townib,37.17834,-113.00803,186,3.287
townib,37.17791,-113.00839,187,3.345
townib,37.17739,-113.00878,188,3.412
townib,37.17718,-113.00894,189,3.439
townib,37.17709,-113.00902,190,3.451
townib,37.17695,-113.00914,191,3.47
townib,37.17683,-113.00926,192,3.487
townib,37.17673,-113.00936,193,3.502
townib,37.17651,-113.00956,194,3.532
townib,37.1764,-113.00967,195,3.547
townib,37.17594,-113.01011,196,3.612
townib,37.17551,-113.01052,197,3.672
townib,37.17521,-113.01082,198,3.714
townib,37.17492,-113.01109,199,3.755
townib,37.17482,-113.01119,200,3.769
townib,37.17451,-113.01149,201,3.812
townib,37.17389,-113.01203,202,3.896
townib,37.17317,-113.01266,203,3.994
townib,37.17288,-113.01292,204,4.033
townib,37.17272,-113.01304,205,4.054
townib,37.17264,-113.0131,206,4.065
townib,37.17256,-113.01314,207,4.074
townib,37.17255,-113.01316,208,4.076
townib,37.17254,-113.01316,209,4.077
townib,37.17244,-113.01321,210,4.089
townib,37.17227,-113.01329,211,4.11
townib,37.17212,-113.01333,212,4.127
townib,37.17197,-113.01336,213,4.143
townib,37.17176,-113.01339,214,4.167
townib,37.1714,-113.01343,215,4.207
townib,37.17127,-113.01344,216,4.222
townib,37.17096,-113.01347,217,4.256
townib,37.17057,-113.01346,218,4.3
townib,37.17041,-113.01345,219,4.317
townib,37.17015,-113.01341,220,4.347
townib,37.17011,-113.0134,221,4.351
townib,37.16993,-113.01335,222,4.372
townib,37.16963,-113.01328,223,4.405
townib,37.16947,-113.01324,224,4.424
townib,37.1694,-113.01323,225,4.431
townib,37.16934,-113.01322,226,4.438
townib,37.16923,-113.01321,227,4.45
townib,37.16914,-113.0132,228,4.46
townib,37.16904,-113.0132,229,4.472
townib,37.1689,-113.01319,230,4.487
townib,37.16874,-113.01319,231,4.505
townib,37.16868,-113.0132,232,4.512
townib,37.16864,-113.0132,233,4.516
townib,37.16825,-113.01325,234,4.56
townib,37.16814,-113.01326,235,4.572
townib,37.16797,-113.01329,236,4.591
townib,37.16764,-113.01336,237,4.628
townib,37.16761,-113.01336,238,4.632
townib,37.16752,-113.01338,239,4.642
townib,37.16726,-113.01344,240,4.671
townib,37.16724,-113.01344,241,4.673
