shape_id,shape_pt_lat,shape_pt_lon,shape_pt_sequence,shape_dist_traveled
village,36.05814,-112.10857,1,0.0
village,36.05809,-112.10851,2,0.008
village,36.05798,-112.10838,3,0.025
village,36.05794,-112.10832,4,0.032
village,36.05785,-112.1082,5,0.046
village,36.05782,-112.10816,6,0.051
village,36.05777,-112.10809,7,0.06
village,36.05771,-112.10798,8,0.072
village,36.05767,-112.10798,9,0.076
village,36.05762,-112.10799,10,0.082
village,36.0576,-112.10799,11,0.084
village,36.05759,-112.108,12,0.085
village,36.05755,-112.10801,13,0.09
village,36.05754,-112.10802,14,0.091
village,36.05752,-112.10802,15,0.094
village,36.0575,-112.10804,16,0.096
village,36.05749,-112.10805,17,0.098
village,36.05746,-112.10808,18,0.102
village,36.05745,-112.1081,19,0.104
village,36.05744,-112.1081,20,0.105
village,36.05741,-112.10814,21,0.11
village,36.05738,-112.10819,22,0.116
village,36.05736,-112.10824,23,0.121
village,36.05733,-112.10829,24,0.126
village,36.05731,-112.10833,25,0.131
village,36.05729,-112.10837,26,0.135
village,36.05728,-112.10841,27,0.139
village,36.05726,-112.10845,28,0.143
village,36.05725,-112.10849,29,0.147
village,36.05723,-112.10855,30,0.152
village,36.05721,-112.10861,31,0.158
village,36.0572,-112.10867,32,0.164
village,36.05719,-112.10872,33,0.168
village,36.05718,-112.10877,34,0.173
village,36.05718,-112.10881,35,0.177
village,36.05717,-112.10886,36,0.181
village,36.05716,-112.1089,37,0.185
village,36.05715,-112.10894,38,0.189
village,36.05714,-112.10897,39,0.192
village,36.05713,-112.10899,40,0.194
village,36.05711,-112.10903,41,0.198
village,36.05708,-112.10908,42,0.204
village,36.05707,-112.10909,43,0.205
village,36.05705,-112.10912,44,0.209
village,36.057,-112.10918,45,0.216
village,36.05695,-112.10925,46,0.225
village,36.05704,-112.10937,47,0.239
village,36.05738,-112.10981,48,0.294
village,36.05771,-112.11022,49,0.346
village,36.05788,-112.11045,50,0.374
village,36.05799,-112.1106,51,0.392
village,36.05807,-112.11073,52,0.407
village,36.05815,-112.11083,53,0.42
village,36.05821,-112.11091,54,0.43
village,36.05826,-112.11098,55,0.438
village,36.05832,-112.11105,56,0.447
village,36.05837,-112.11108,57,0.453
village,36.05841,-112.11111,58,0.459
village,36.05846,-112.11114,59,0.465
village,36.05851,-112.11116,60,0.471
village,36.05855,-112.11117,61,0.475
village,36.05861,-112.11119,62,0.482
village,36.05866,-112.1112,63,0.488
village,36.05878,-112.1112,64,0.501
village,36.05884,-112.1112,65,0.508
village,36.05891,-112.1112,66,0.515
village,36.059,-112.11119,67,0.525
village,36.05903,-112.11119,68,0.529
village,36.0591,-112.11119,69,0.537
village,36.05921,-112.11119,70,0.549
village,36.05923,-112.11129,71,0.558
village,36.05926,-112.11139,72,0.568
village,36.05927,-112.1114,73,0.569
village,36.05928,-112.11145,74,0.574
village,36.05929,-112.11152,75,0.58
village,36.05929,-112.11157,76,0.585
village,36.0593,-112.11162,77,0.589
village,36.0593,-112.11166,78,0.593
village,36.0593,-112.11177,79,0.603
village,36.0593,-112.11183,80,0.608
village,36.05929,-112.11189,81,0.614
village,36.05928,-112.11194,82,0.618
village,36.05927,-112.11199,83,0.623
village,36.05926,-112.11204,84,0.628
village,36.05925,-112.11207,85,0.63
village,36.05923,-112.11212,86,0.635
village,36.05922,-112.11216,87,0.639
village,36.0592,-112.1122,88,0.643
village,36.05917,-112.11225,89,0.649
village,36.05915,-112.11229,90,0.653
village,36.05912,-112.11233,91,0.658
village,36.05908,-112.1124,92,0.666
village,36.05906,-112.11243,93,0.669
village,36.05902,-112.11247,94,0.675
village,36.05896,-112.11252,95,0.683
village,36.05891,-112.11256,96,0.69
village,36.0589,-112.11257,97,0.691
village,36.05885,-112.11261,98,0.698
village,36.05878,-112.11265,99,0.706
village,36.05818,-112.113,100,0.78
village,36.05794,-112.11315,101,0.81
village,36.05787,-112.11319,102,0.819
village,36.0578,-112.11325,103,0.828
village,36.05773,-112.1133,104,0.837
village,36.05768,-112.11334,105,0.844
village,36.05764,-112.11338,106,0.849
village,36.0576,-112.11342,107,0.855
village,36.05751,-112.1135,108,0.867
village,36.05744,-112.11358,109,0.878
village,36.05737,-112.11367,110,0.889
village,36.05736,-112.11368,111,0.891
village,36.05732,-112.11374,112,0.898
village,36.05726,-112.11382,113,0.908
village,36.0572,-112.1139,114,0.917
village,36.05715,-112.11399,115,0.927
village,36.0571,-112.11407,116,0.936
village,36.05705,-112.11418,117,0.948
village,36.057,-112.11428,118,0.958
village,36.05695,-112.11439,119,0.969
village,36.05695,-112.1144,120,0.97
village,36.05689,-112.11457,121,0.987
village,36.05688,-112.1146,122,0.99
village,36.05685,-112.1147,123,1.0
village,36.05673,-112.1151,124,1.038
village,36.05663,-112.11548,125,1.074
village,36.05645,-112.11609,126,1.132
village,36.05645,-112.11611,127,1.134
village,36.05641,-112.11623,128,1.146
village,36.05635,-112.11641,129,1.163
village,36.05625,-112.11665,130,1.187
village,36.05616,-112.11686,131,1.209
village,36.05608,-112.11704,132,1.227
village,36.05602,-112.11716,133,1.24
village,36.05594,-112.11731,134,1.256
village,36.05589,-112.11739,135,1.265
village,36.05583,-112.11748,136,1.276
village,36.05579,-112.11754,137,1.283
village,36.05576,-112.11757,138,1.287
village,36.05573,-112.11761,139,1.292
village,36.05563,-112.11772,140,1.307
village,36.05558,-112.11778,141,1.315
village,36.05549,-112.11786,142,1.327
village,36.05547,-112.11787,143,1.329
village,36.05541,-112.11794,144,1.338
village,36.05535,-112.118,145,1.347
village,36.05529,-112.11807,146,1.356
village,36.05522,-112.11815,147,1.367
village,36.05518,-112.11822,148,1.374
village,36.05514,-112.11828,149,1.381
village,36.05511,-112.11833,150,1.387
village,36.05508,-112.11837,151,1.392
village,36.05505,-112.11843,152,1.398
village,36.05502,-112.1185,153,1.405
village,36.05502,-112.11852,154,1.407
village,36.05499,-112.11859,155,1.414
village,36.0549,-112.11894,156,1.447
village,36.05483,-112.11915,157,1.468
village,36.05477,-112.11935,158,1.487
village,36.05472,-112.11952,159,1.503
village,36.05471,-112.11956,160,1.507
village,36.05466,-112.11976,161,1.526
village,36.05466,-112.11978,162,1.528
village,36.05465,-112.11982,163,1.531
village,36.05464,-112.11991,164,1.54
village,36.05463,-112.11997,165,1.545
village,36.05463,-112.12,166,1.548
village,36.05463,-112.12003,167,1.55
village,36.05463,-112.1201,168,1.557
village,36.05464,-112.12015,169,1.561
village,36.05466,-112.12022,170,1.568
village,36.05468,-112.12029,171,1.575
village,36.05472,-112.12043,172,1.588
village,36.0549,-112.12074,173,1.622
village,36.05511,-112.12108,174,1.661
village,36.05516,-112.12117,175,1.671
village,36.05498,-112.12133,176,1.695
village,36.0547,-112.12159,177,1.734
village,36.0545,-112.1218,178,1.763
village,36.05424,-112.12209,179,1.802
village,36.0541,-112.12227,180,1.825
village,36.05406,-112.12232,181,1.831
village,36.05392,-112.12255,182,1.857
village,36.0538,-112.12276,183,1.88
village,36.05368,-112.12302,184,1.907
village,36.05362,-112.1232,185,1.925
village,36.05356,-112.12341,186,1.945
village,36.0535,-112.12362,187,1.965
village,36.05346,-112.12384,188,1.985
village,36.05342,-112.1241,189,2.009
village,36.05339,-112.12437,190,2.033
village,36.05337,-112.12448,191,2.043
village,36.05337,-112.12456,192,2.05
village,36.05338,-112.12487,193,2.078
village,36.05341,-112.12515,194,2.104
village,36.05347,-112.12544,195,2.131
village,36.05355,-112.12576,196,2.161
village,36.05362,-112.12598,197,2.182
village,36.05373,-112.12623,198,2.208
village,36.05383,-112.12644,199,2.229
village,36.05384,-112.12645,200,2.231
village,36.05395,-112.12666,201,2.253
village,36.05405,-112.12681,202,2.271
village,36.0541,-112.12687,203,2.279
village,36.05426,-112.12709,204,2.305
village,36.0543,-112.12713,205,2.311
village,36.0543,-112.12714,206,2.312
village,36.05462,-112.12752,207,2.361
village,36.05495,-112.12793,208,2.413
village,36.05528,-112.12841,209,2.47
village,36.05547,-112.12872,210,2.505
village,36.05568,-112.12912,211,2.548
village,36.05583,-112.12941,212,2.579
village,36.05599,-112.12977,213,2.616
village,36.05617,-112.13023,214,2.662
village,36.05636,-112.13097,215,2.731
village,36.05637,-112.13098,216,2.733
village,36.05641,-112.13116,217,2.75
village,36.05642,-112.13118,218,2.752
village,36.0565,-112.13161,219,2.791
village,36.05655,-112.13233,220,2.856
village,36.05654,-112.13295,221,2.912
village,36.05653,-112.13315,222,2.93
village,36.05652,-112.1335,223,2.961
village,36.05653,-112.13363,224,2.973
village,36.05653,-112.13372,225,2.981
village,36.05653,-112.13389,226,2.997
village,36.05654,-112.13395,227,3.002
village,36.05657,-112.13416,228,3.021
village,36.0566,-112.13436,229,3.04
village,36.0566,-112.13438,230,3.041
village,36.05666,-112.13466,231,3.067
village,36.05672,-112.13499,232,3.098
village,36.05674,-112.13509,233,3.107
village,36.05682,-112.13556,234,3.15
village,36.05685,-112.13576,235,3.169
village,36.05687,-112.13591,236,3.182
village,36.0569,-112.13614,237,3.203
village,36.05696,-112.1365,238,3.236
village,36.05696,-112.13653,239,3.239
village,36.05696,-112.13657,240,3.242
village,36.05696,-112.13664,241,3.249
village,36.05696,-112.13665,242,3.25
village,36.05694,-112.13673,243,3.257
village,36.05693,-112.13679,244,3.263
village,36.05691,-112.13685,245,3.269
village,36.05684,-112.13703,246,3.286
village,36.05683,-112.13706,247,3.289
village,36.05678,-112.13721,248,3.304
village,36.05676,-112.13726,249,3.309
village,36.05672,-112.13736,250,3.319
village,36.05671,-112.13741,251,3.324
village,36.05669,-112.13746,252,3.329
village,36.05655,-112.13788,253,3.37
village,36.05648,-112.13808,254,3.389
village,36.05636,-112.13849,255,3.428
village,36.05632,-112.13861,256,3.44
village,36.05627,-112.1388,257,3.458
village,36.05625,-112.13894,258,3.471
village,36.05624,-112.13912,259,3.487
village,36.05624,-112.13921,260,3.495
village,36.05624,-112.13929,261,3.502
village,36.05624,-112.13936,262,3.509
village,36.05625,-112.13949,263,3.52
village,36.05629,-112.13971,264,3.541
village,36.05632,-112.13989,265,3.557
village,36.05634,-112.14002,266,3.569
village,36.05637,-112.14021,267,3.586
village,36.05646,-112.14073,268,3.634
village,36.05657,-112.14079,269,3.648
village,36.05662,-112.14082,270,3.654
village,36.05665,-112.14085,271,3.658
village,36.05668,-112.14089,272,3.663
village,36.05669,-112.14092,273,3.666
village,36.05671,-112.14096,274,3.67
village,36.05673,-112.14102,275,3.676
village,36.05675,-112.14108,276,3.682
village,36.05676,-112.14109,277,3.683
village,36.05678,-112.14117,278,3.691
village,36.05683,-112.14163,279,3.732
village,36.05684,-112.14179,280,3.747
village,36.05685,-112.14182,281,3.75
village,36.05685,-112.14186,282,3.753
village,36.05684,-112.14189,283,3.756
village,36.05682,-112.14195,284,3.762
village,36.0568,-112.142,285,3.767
village,36.05683,-112.14223,286,3.788
village,36.05661,-112.14233,287,3.814
village,36.05663,-112.14248,288,3.828
village,36.05664,-112.14259,289,3.838
village,36.05667,-112.14278,290,3.855
village,36.05669,-112.1429,291,3.866
village,36.05672,-112.14304,292,3.879
village,36.05673,-112.1431,293,3.885
village,36.05679,-112.14331,294,3.905
village,36.05683,-112.1435,295,3.922
village,36.05684,-112.14352,296,3.924
village,36.05693,-112.14385,297,3.956
village,36.05695,-112.14394,298,3.964
village,36.05696,-112.14398,299,3.968
village,36.05698,-112.14405,300,3.975
village,36.05698,-112.14414,301,3.983
village,36.05699,-112.14418,302,3.986
village,36.05698,-112.14421,303,3.989
village,36.05698,-112.14423,304,3.991
village,36.05697,-112.14427,305,3.995
village,36.05695,-112.1443,306,3.998
village,36.05691,-112.14436,307,4.005
village,36.05684,-112.14441,308,4.014
village,36.05682,-112.14442,309,4.017
village,36.05679,-112.14442,310,4.02
village,36.05675,-112.14443,311,4.025
village,36.05656,-112.14445,312,4.046
village,36.05636,-112.14443,313,4.068
village,36.05611,-112.14442,314,4.096
village,36.05601,-112.14443,315,4.107
village,36.05594,-112.14442,316,4.115
village,36.05592,-112.14442,317,4.117
village,36.05581,-112.14438,318,4.13
village,36.05573,-112.14434,319,4.14
village,36.05567,-112.14431,320,4.147
village,36.05557,-112.14423,321,4.16
village,36.05546,-112.14412,322,4.176
village,36.05537,-112.14403,323,4.189
village,36.05532,-112.14399,324,4.195
village,36.0553,-112.14399,325,4.197
village,36.05521,-112.14395,326,4.208
village,36.05513,-112.14395,327,4.217
village,36.05497,-112.14398,328,4.235
village,36.05481,-112.14404,329,4.254
village,36.05451,-112.14413,330,4.288
village,36.05436,-112.14418,331,4.305
village,36.05414,-112.14424,332,4.33
village,36.05407,-112.14425,333,4.338
village,36.05402,-112.14425,334,4.344
village,36.05398,-112.14424,335,4.348
village,36.05393,-112.14421,336,4.354
village,36.05389,-112.14418,337,4.36
village,36.05386,-112.14414,338,4.364
village,36.05385,-112.14413,339,4.366
village,36.05383,-112.1441,340,4.369
village,36.05378,-112.14402,341,4.378
village,36.05375,-112.14394,342,4.386
village,36.05373,-112.14382,343,4.397
village,36.05371,-112.14372,344,4.407
village,36.05371,-112.14364,345,4.414
village,36.05371,-112.14359,346,4.418
village,36.05372,-112.14353,347,4.424
village,36.05372,-112.1435,348,4.427
village,36.05372,-112.14348,349,4.428
village,36.05374,-112.1434,350,4.436
village,36.05376,-112.14333,351,4.443
village,36.05379,-112.14328,352,4.448
village,36.05382,-112.14324,353,4.453
village,36.05389,-112.14314,354,4.465
village,36.05392,-112.14312,355,4.469
village,36.05405,-112.143,356,4.487
village,36.05413,-112.14293,357,4.498
village,36.0542,-112.14285,358,4.508
village,36.05427,-112.14271,359,4.523
village,36.0543,-112.14261,360,4.533
village,36.05431,-112.14256,361,4.537
village,36.05431,-112.1425,362,4.543
village,36.0543,-112.14243,363,4.549
village,36.05429,-112.14232,364,4.559
village,36.05425,-112.14223,365,4.568
village,36.05419,-112.14214,366,4.579
village,36.05412,-112.14205,367,4.59
village,36.05405,-112.14215,368,4.602
village,36.05399,-112.14224,369,4.612
village,36.05386,-112.14242,370,4.634
village,36.05375,-112.14257,371,4.652
village,36.05358,-112.14274,372,4.677
village,36.05337,-112.1429,373,4.704
village,36.05334,-112.14292,374,4.708
village,36.05323,-112.143,375,4.722
village,36.05303,-112.14311,376,4.746
village,36.05284,-112.14317,377,4.768
village,36.05287,-112.14327,378,4.778
village,36.05288,-112.14332,379,4.782
village,36.05286,-112.14342,380,4.792
village,36.05283,-112.14344,381,4.795
village,36.05277,-112.14347,382,4.803
village,36.05253,-112.14354,383,4.83
village,36.05251,-112.14355,384,4.832
village,36.05216,-112.14366,385,4.873
village,36.05207,-112.14369,386,4.883
village,36.05206,-112.14362,387,4.889
village,36.05206,-112.14355,388,4.896
village,36.05207,-112.1435,389,4.9
village,36.05209,-112.14346,390,4.904
village,36.05213,-112.14343,391,4.91
village,36.05232,-112.14336,392,4.932
village,36.05261,-112.14326,393,4.965
village,36.05284,-112.14317,394,4.992
village,36.05303,-112.14311,395,5.014
village,36.05323,-112.143,396,5.038
village,36.05334,-112.14292,397,5.052
village,36.05337,-112.1429,398,5.056
village,36.05358,-112.14274,399,5.084
village,36.05375,-112.14257,400,5.108
village,36.05386,-112.14242,401,5.126
village,36.05399,-112.14224,402,5.148
village,36.05405,-112.14215,403,5.158
village,36.05412,-112.14205,404,5.17
village,36.05437,-112.1416,405,5.219
village,36.05444,-112.14148,406,5.232
village,36.05474,-112.141,407,5.287
village,36.0549,-112.14073,408,5.317
village,36.05507,-112.14025,409,5.364
village,36.0552,-112.13989,410,5.4
village,36.05527,-112.13963,411,5.424
village,36.05537,-112.13922,412,5.463
village,36.05545,-112.13881,413,5.501
village,36.05548,-112.13862,414,5.518
village,36.05549,-112.13859,415,5.521
village,36.05549,-112.13855,416,5.525
village,36.05549,-112.13853,417,5.526
village,36.05548,-112.13849,418,5.53
village,36.05547,-112.13842,419,5.537
village,36.05546,-112.13839,420,5.54
village,36.05545,-112.13836,421,5.542
village,36.05548,-112.13823,422,5.555
village,36.05556,-112.13795,423,5.581
village,36.05562,-112.13773,424,5.602
village,36.05567,-112.13756,425,5.618
village,36.0558,-112.13704,426,5.667
village,36.05591,-112.13667,427,5.703
village,36.05591,-112.13664,428,5.705
village,36.05596,-112.13646,429,5.723
village,36.05597,-112.13644,430,5.725
village,36.05597,-112.13643,431,5.726
village,36.05605,-112.13615,432,5.752
village,36.05608,-112.13602,433,5.764
village,36.05615,-112.13579,434,5.787
village,36.05619,-112.1357,435,5.796
village,36.05624,-112.13561,436,5.806
village,36.05632,-112.13555,437,5.816
village,36.0564,-112.1355,438,5.826
village,36.05646,-112.13548,439,5.833
village,36.0565,-112.13542,440,5.84
village,36.05656,-112.13535,441,5.849
village,36.05661,-112.13521,442,5.863
village,36.05664,-112.13503,443,5.879
village,36.05665,-112.13493,444,5.888
village,36.05666,-112.13466,445,5.913
village,36.0566,-112.13438,446,5.939
village,36.0566,-112.13436,447,5.94
village,36.05657,-112.13416,448,5.959
village,36.05654,-112.13395,449,5.978
village,36.05653,-112.13389,450,5.983
village,36.05653,-112.13372,451,5.999
village,36.05653,-112.13363,452,6.007
village,36.05652,-112.1335,453,6.019
village,36.05653,-112.13315,454,6.05
village,36.05654,-112.13295,455,6.068
village,36.05655,-112.13233,456,6.124
village,36.0565,-112.13161,457,6.189
village,36.05642,-112.13118,458,6.228
village,36.05641,-112.13116,459,6.231
village,36.05637,-112.13098,460,6.247
village,36.05636,-112.13097,461,6.249
village,36.05617,-112.13023,462,6.319
village,36.05599,-112.12977,463,6.364
village,36.05583,-112.12941,464,6.401
village,36.05568,-112.12912,465,6.432
village,36.05547,-112.12872,466,6.475
village,36.05528,-112.12841,467,6.51
village,36.05495,-112.12793,468,6.567
village,36.05462,-112.12752,469,6.619
village,36.0543,-112.12714,470,6.668
village,36.0543,-112.12713,471,6.669
village,36.05426,-112.12709,472,6.675
village,36.0541,-112.12687,473,6.701
village,36.05405,-112.12681,474,6.709
village,36.05395,-112.12666,475,6.727
village,36.05384,-112.12645,476,6.749
village,36.05383,-112.12644,477,6.751
village,36.05373,-112.12623,478,6.772
village,36.05362,-112.12598,479,6.798
village,36.05355,-112.12576,480,6.819
village,36.05347,-112.12544,481,6.849
village,36.05341,-112.12515,482,6.876
village,36.05338,-112.12487,483,6.902
village,36.05337,-112.12456,484,6.93
village,36.05335,-112.12446,485,6.939
village,36.05335,-112.12442,486,6.942
village,36.05335,-112.12433,487,6.951
village,36.05335,-112.12424,488,6.959
village,36.05336,-112.12402,489,6.978
village,36.0534,-112.12379,490,7.0
village,36.05344,-112.12359,491,7.018
village,36.05349,-112.1234,492,7.036
village,36.0535,-112.12338,493,7.038
village,36.05352,-112.12327,494,7.048
village,36.05355,-112.12316,495,7.059
village,36.05352,-112.12314,496,7.063
village,36.05328,-112.12299,497,7.092
village,36.05312,-112.1229,498,7.112
village,36.05307,-112.12287,499,7.118
village,36.05303,-112.12284,500,7.123
village,36.05293,-112.12278,501,7.136
village,36.05272,-112.12263,502,7.163
village,36.05262,-112.12256,503,7.176
village,36.05258,-112.12252,504,7.181
village,36.05254,-112.1225,505,7.186
village,36.05249,-112.12248,506,7.192
village,36.05243,-112.12246,507,7.199
village,36.05239,-112.12246,508,7.203
village,36.05234,-112.12245,509,7.209
village,36.05205,-112.12248,510,7.241
village,36.05203,-112.12248,511,7.243
village,36.05197,-112.12248,512,7.25
village,36.05193,-112.12249,513,7.255
village,36.05188,-112.12249,514,7.26
village,36.05181,-112.12248,515,7.268
village,36.05176,-112.12247,516,7.274
village,36.05171,-112.12246,517,7.279
village,36.05167,-112.12244,518,7.284
village,36.05162,-112.12241,519,7.29
village,36.05152,-112.12234,520,7.303
village,36.05143,-112.12229,521,7.314
village,36.05148,-112.12213,522,7.329
village,36.0515,-112.12208,523,7.334
village,36.05151,-112.12202,524,7.34
village,36.05152,-112.12196,525,7.345
village,36.05153,-112.1219,526,7.351
village,36.05154,-112.12184,527,7.356
village,36.05155,-112.12179,528,7.361
village,36.05155,-112.12173,529,7.367
village,36.05156,-112.12167,530,7.372
village,36.05156,-112.12155,531,7.383
village,36.05156,-112.12141,532,7.395
village,36.05156,-112.12124,533,7.411
village,36.05155,-112.12104,534,7.429
village,36.05155,-112.12081,535,7.449
village,36.05155,-112.12073,536,7.457
village,36.05156,-112.12067,537,7.462
village,36.05158,-112.12054,538,7.474
village,36.05163,-112.12042,539,7.486
village,36.05164,-112.12039,540,7.489
village,36.05166,-112.12034,541,7.494
village,36.05174,-112.12021,542,7.509
village,36.05186,-112.12006,543,7.528
village,36.05198,-112.11995,544,7.544
village,36.05207,-112.1199,545,7.555
village,36.05223,-112.11984,546,7.574
village,36.05232,-112.11982,547,7.584
village,36.05226,-112.11954,548,7.61
village,36.05223,-112.11932,549,7.63
village,36.05222,-112.11927,550,7.635
village,36.05222,-112.11923,551,7.638
village,36.05222,-112.11921,552,7.64
village,36.05222,-112.11919,553,7.642
village,36.05223,-112.11916,554,7.645
village,36.05223,-112.11912,555,7.648
village,36.05223,-112.11911,556,7.649
village,36.05225,-112.11906,557,7.654
village,36.05225,-112.11905,558,7.655
village,36.05233,-112.11886,559,7.675
village,36.0524,-112.11871,560,7.69
village,36.05244,-112.11863,561,7.699
village,36.05246,-112.11856,562,7.705
village,36.05248,-112.11849,563,7.712
village,36.0525,-112.11842,564,7.719
village,36.05252,-112.1183,565,7.73
village,36.05252,-112.11823,566,7.736
village,36.05254,-112.11801,567,7.756
village,36.05255,-112.11756,568,7.796
village,36.05256,-112.11743,569,7.808
village,36.05257,-112.11729,570,7.821
village,36.05258,-112.11721,571,7.828
village,36.05259,-112.11711,572,7.837
village,36.05263,-112.11692,573,7.855
village,36.05269,-112.11668,574,7.877
village,36.05271,-112.11662,575,7.883
village,36.05273,-112.11654,576,7.891
village,36.05276,-112.1164,577,7.904
village,36.05277,-112.11638,578,7.906
village,36.05279,-112.11628,579,7.915
village,36.05281,-112.11619,580,7.923
village,36.05283,-112.11609,581,7.933
village,36.05284,-112.11597,582,7.943
village,36.05285,-112.11588,583,7.952
village,36.05286,-112.11582,584,7.957
village,36.05286,-112.11576,585,7.963
village,36.05286,-112.11568,586,7.97
village,36.05286,-112.11557,587,7.98
village,36.05281,-112.11534,588,8.001
village,36.05279,-112.11518,589,8.016
village,36.05275,-112.11499,590,8.033
village,36.05271,-112.11482,591,8.049
village,36.05285,-112.11475,592,8.066
village,36.05287,-112.11484,593,8.074
village,36.05288,-112.1149,594,8.08
village,36.05289,-112.11495,595,8.084
village,36.05289,-112.11499,596,8.088
village,36.05289,-112.11504,597,8.093
village,36.05289,-112.11509,598,8.097
village,36.05289,-112.11515,599,8.102
village,36.05288,-112.11517,600,8.105
village,36.05288,-112.11523,601,8.11
village,36.05287,-112.11532,602,8.118
village,36.05287,-112.11537,603,8.123
village,36.05286,-112.11543,604,8.128
village,36.05286,-112.11557,605,8.141
village,36.05286,-112.11568,606,8.151
village,36.05286,-112.11576,607,8.158
village,36.05286,-112.11582,608,8.163
village,36.05285,-112.11588,609,8.169
village,36.05284,-112.11597,610,8.177
village,36.05283,-112.11609,611,8.188
village,36.05281,-112.11619,612,8.197
village,36.05279,-112.11628,613,8.205
village,36.05277,-112.11638,614,8.215
village,36.05276,-112.1164,615,8.217
village,36.05273,-112.11654,616,8.23
village,36.05271,-112.11662,617,8.237
village,36.05269,-112.11668,618,8.243
village,36.05263,-112.11692,619,8.266
village,36.05259,-112.11711,620,8.283
village,36.05258,-112.11721,621,8.292
village,36.05257,-112.11729,622,8.3
village,36.05256,-112.11743,623,8.312
village,36.05255,-112.11756,624,8.324
village,36.05254,-112.11801,625,8.365
village,36.05252,-112.11823,626,8.384
village,36.05252,-112.1183,627,8.391
village,36.0525,-112.11842,628,8.402
village,36.05248,-112.11849,629,8.408
village,36.05246,-112.11856,630,8.415
village,36.05244,-112.11863,631,8.422
village,36.0524,-112.11871,632,8.43
village,36.05233,-112.11886,633,8.446
village,36.05225,-112.11905,634,8.465
village,36.05225,-112.11906,635,8.466
village,36.05223,-112.11911,636,8.471
village,36.05223,-112.11912,637,8.472
village,36.05223,-112.11916,638,8.475
village,36.05222,-112.11919,639,8.478
village,36.05222,-112.11921,640,8.48
village,36.05222,-112.11923,641,8.482
village,36.05222,-112.11927,642,8.486
village,36.05223,-112.11932,643,8.49
village,36.05226,-112.11954,644,8.51
village,36.05232,-112.11982,645,8.536
village,36.05266,-112.11983,646,8.574
village,36.05302,-112.11985,647,8.614
village,36.05318,-112.11985,648,8.632
village,36.05334,-112.11985,649,8.65
village,36.05351,-112.11986,650,8.669
village,36.05367,-112.11986,651,8.687
village,36.05383,-112.11987,652,8.704
village,36.05391,-112.11989,653,8.713
village,36.05396,-112.11992,654,8.72
village,36.054,-112.11995,655,8.725
village,36.05407,-112.12005,656,8.737
village,36.05411,-112.12012,657,8.744
village,36.05415,-112.12022,658,8.754
village,36.05415,-112.12023,659,8.755
village,36.05419,-112.12033,660,8.765
village,36.05422,-112.12044,661,8.776
village,36.05424,-112.12052,662,8.783
village,36.05424,-112.12058,663,8.789
village,36.05448,-112.12053,664,8.816
village,36.05472,-112.12043,665,8.844
village,36.05468,-112.12029,666,8.857
village,36.05466,-112.12022,667,8.864
village,36.05464,-112.12015,668,8.871
village,36.05463,-112.1201,669,8.875
village,36.05463,-112.12003,670,8.882
village,36.05463,-112.12,671,8.884
village,36.05463,-112.11997,672,8.887
village,36.05464,-112.11991,673,8.892
village,36.05465,-112.11982,674,8.901
village,36.05466,-112.11978,675,8.904
village,36.05466,-112.11976,676,8.906
village,36.05471,-112.11956,677,8.925
village,36.05472,-112.11952,678,8.929
village,36.05477,-112.11935,679,8.945
village,36.05483,-112.11915,680,8.964
village,36.0549,-112.11894,681,8.985
village,36.05499,-112.11859,682,9.018
village,36.05502,-112.11852,683,9.025
village,36.05502,-112.1185,684,9.027
village,36.05505,-112.11843,685,9.034
village,36.05508,-112.11837,686,9.04
village,36.05511,-112.11833,687,9.045
village,36.05514,-112.11828,688,9.051
village,36.05518,-112.11822,689,9.057
village,36.05522,-112.11815,690,9.065
village,36.05529,-112.11807,691,9.076
village,36.05535,-112.118,692,9.085
village,36.05541,-112.11794,693,9.094
village,36.05547,-112.11787,694,9.103
village,36.05549,-112.11786,695,9.105
village,36.05558,-112.11778,696,9.117
village,36.05563,-112.11772,697,9.125
village,36.05573,-112.11761,698,9.14
village,36.05576,-112.11757,699,9.145
village,36.05579,-112.11754,700,9.149
village,36.05583,-112.11748,701,9.156
village,36.05589,-112.11739,702,9.167
village,36.05594,-112.11731,703,9.176
village,36.05602,-112.11716,704,9.192
village,36.05608,-112.11704,705,9.205
village,36.05616,-112.11686,706,9.223
village,36.05625,-112.11665,707,9.244
village,36.05635,-112.11641,708,9.269
village,36.05641,-112.11623,709,9.286
village,36.05645,-112.11611,710,9.298
village,36.05645,-112.11609,711,9.3
village,36.05663,-112.11548,712,9.358
village,36.05673,-112.1151,713,9.394
village,36.05685,-112.1147,714,9.432
village,36.05688,-112.1146,715,9.442
village,36.05689,-112.11457,716,9.445
village,36.05695,-112.1144,717,9.462
village,36.057,-112.11428,718,9.474
village,36.05705,-112.11418,719,9.484
village,36.0571,-112.11407,720,9.496
village,36.05715,-112.11399,721,9.505
village,36.0572,-112.1139,722,9.515
village,36.05726,-112.11382,723,9.524
village,36.05732,-112.11374,724,9.534
village,36.05736,-112.11368,725,9.541
village,36.05737,-112.11367,726,9.543
village,36.05744,-112.11358,727,9.554
village,36.05751,-112.1135,728,9.564
village,36.0576,-112.11342,729,9.577
village,36.05764,-112.11338,730,9.582
village,36.05768,-112.11334,731,9.588
village,36.05773,-112.1133,732,9.595
village,36.0578,-112.11325,733,9.604
village,36.05787,-112.11319,734,9.613
village,36.05794,-112.11315,735,9.622
village,36.05818,-112.113,736,9.652
village,36.05878,-112.11265,737,9.725
village,36.05885,-112.11261,738,9.734
village,36.0589,-112.11257,739,9.741
village,36.05891,-112.11256,740,9.742
village,36.05896,-112.11252,741,9.749
village,36.05902,-112.11247,742,9.757
village,36.05906,-112.11243,743,9.762
village,36.05908,-112.1124,744,9.766
village,36.05912,-112.11233,745,9.774
village,36.05915,-112.11229,746,9.779
village,36.05917,-112.11225,747,9.783
village,36.0592,-112.1122,748,9.788
village,36.05922,-112.11216,749,9.793
village,36.05923,-112.11212,750,9.796
village,36.05925,-112.11207,751,9.801
village,36.05926,-112.11204,752,9.804
village,36.05927,-112.11199,753,9.809
village,36.05928,-112.11194,754,9.814
village,36.05929,-112.11189,755,9.818
village,36.0593,-112.11183,756,9.824
village,36.0593,-112.11177,757,9.829
village,36.0593,-112.11166,758,9.839
village,36.0593,-112.11162,759,9.843
village,36.05929,-112.11157,760,9.847
village,36.05929,-112.11152,761,9.852
village,36.05928,-112.11145,762,9.858
village,36.05927,-112.1114,763,9.863
village,36.05926,-112.11139,764,9.864
village,36.05923,-112.11129,765,9.874
village,36.05921,-112.11119,766,9.883
village,36.0591,-112.11119,767,9.895
village,36.05903,-112.11119,768,9.903
village,36.059,-112.11119,769,9.906
village,36.05891,-112.1112,770,9.916
village,36.05884,-112.1112,771,9.924
village,36.05878,-112.1112,772,9.931
village,36.05866,-112.1112,773,9.944
village,36.05861,-112.11119,774,9.95
village,36.05855,-112.11117,775,9.957
village,36.05851,-112.11116,776,9.961
village,36.05846,-112.11114,777,9.967
village,36.05841,-112.11111,778,9.973
village,36.05837,-112.11108,779,9.979
village,36.05832,-112.11105,780,9.985
village,36.05826,-112.11098,781,9.994
village,36.05821,-112.11091,782,10.002
village,36.05815,-112.11083,783,10.012
village,36.05807,-112.11073,784,10.025
village,36.05799,-112.1106,785,10.039
village,36.05788,-112.11045,786,10.058
village,36.05771,-112.11022,787,10.086
village,36.05738,-112.10981,788,10.138
village,36.05704,-112.10937,789,10.192
village,36.05695,-112.10925,790,10.207
village,36.057,-112.10918,791,10.215
village,36.05705,-112.10912,792,10.223
village,36.05707,-112.10909,793,10.227
village,36.05708,-112.10908,794,10.228
village,36.05711,-112.10903,795,10.234
village,36.05713,-112.10899,796,10.238
village,36.05714,-112.10897,797,10.24
village,36.05715,-112.10894,798,10.243
village,36.05716,-112.1089,799,10.247
village,36.05717,-112.10886,800,10.251
village,36.05718,-112.10881,801,10.255
village,36.05718,-112.10877,802,10.259
village,36.05719,-112.10872,803,10.263
village,36.0572,-112.10867,804,10.268
village,36.05721,-112.10861,805,10.274
village,36.05723,-112.10855,806,10.279
village,36.05725,-112.10849,807,10.285
village,36.05726,-112.10845,808,10.289
village,36.05728,-112.10841,809,10.293
village,36.05729,-112.10837,810,10.297
village,36.05731,-112.10833,811,10.301
village,36.05733,-112.10829,812,10.305
village,36.05736,-112.10824,813,10.311
village,36.05738,-112.10819,814,10.316
village,36.05741,-112.10814,815,10.322
village,36.05744,-112.1081,816,10.327
village,36.05745,-112.1081,817,10.328
village,36.05746,-112.10808,818,10.33
village,36.05749,-112.10805,819,10.334
village,36.0575,-112.10804,820,10.335
village,36.05752,-112.10802,821,10.338
village,36.05754,-112.10802,822,10.341
village,36.05755,-112.10801,823,10.342
village,36.05759,-112.108,824,10.347
village,36.0576,-112.10799,825,10.348
village,36.05762,-112.10799,826,10.35
village,36.05767,-112.10798,827,10.356
village,36.05771,-112.10798,828,10.36
village,36.05777,-112.10809,829,10.372
village,36.05782,-112.10816,830,10.381
village,36.05785,-112.1082,831,10.385
village,36.05794,-112.10832,832,10.4
village,36.05798,-112.10838,833,10.407
village,36.05809,-112.10851,834,10.424
village,36.05814,-112.10857,835,10.432
kaibab,36.058161,-112.10857,1,0.0
kaibab,36.057732,-112.108112,2,0.063
kaibab,36.057521,-112.108097,3,0.087
kaibab,36.057268,-112.108503,4,0.133
kaibab,36.05718,-112.108891,5,0.169
kaibab,36.057077,-112.109112,6,0.192
kaibab,36.056933,-112.109196,7,0.209
kaibab,36.05682,-112.1091,8,0.225
kaibab,36.05677,-112.10903,9,0.233
kaibab,36.05671,-112.10893,10,0.244
kaibab,36.05667,-112.10884,11,0.254
kaibab,36.05655,-112.10838,12,0.297
kaibab,36.05655,-112.10814,13,0.319
kaibab,36.05656,-112.10808,14,0.324
kaibab,36.05656,-112.10802,15,0.329
kaibab,36.05659,-112.10783,16,0.347
kaibab,36.05661,-112.10778,17,0.352
kaibab,36.05661,-112.10777,18,0.353
kaibab,36.05663,-112.10772,19,0.358
kaibab,36.05664,-112.10768,20,0.362
kaibab,36.05669,-112.10756,21,0.374
kaibab,36.05673,-112.10747,22,0.383
kaibab,36.05692,-112.10719,23,0.416
kaibab,36.05702,-112.10706,24,0.432
kaibab,36.05722,-112.10677,25,0.466
kaibab,36.05729,-112.10662,26,0.482
kaibab,36.05739,-112.1063,27,0.513
kaibab,36.05741,-112.10613,28,0.528
kaibab,36.0574,-112.10586,29,0.552
kaibab,36.05734,-112.10557,30,0.579
kaibab,36.0573,-112.10546,31,0.59
kaibab,36.05726,-112.10535,32,0.601
kaibab,36.05718,-112.1052,33,0.617
kaibab,36.05711,-112.1051,34,0.629
kaibab,36.0571,-112.1051,35,0.63
kaibab,36.05707,-112.10507,36,0.634
kaibab,36.05698,-112.10498,37,0.647
kaibab,36.05692,-112.10493,38,0.655
kaibab,36.05677,-112.10484,39,0.674
kaibab,36.05652,-112.10475,40,0.703
kaibab,36.05625,-112.10467,41,0.734
kaibab,36.05618,-112.10466,42,0.741
kaibab,36.05602,-112.10462,43,0.76
kaibab,36.05556,-112.10456,44,0.811
kaibab,36.05549,-112.10455,45,0.819
kaibab,36.05492,-112.10452,46,0.882
kaibab,36.05449,-112.10455,47,0.93
kaibab,36.05422,-112.10459,48,0.96
kaibab,36.05412,-112.10464,49,0.972
kaibab,36.05375,-112.10476,50,1.015
kaibab,36.05289,-112.10517,51,1.117
kaibab,36.05231,-112.10555,52,1.19
kaibab,36.05146,-112.10377,53,1.376
kaibab,36.05136,-112.10358,54,1.397
kaibab,36.05135,-112.10355,55,1.4
kaibab,36.05085,-112.10246,56,1.512
kaibab,36.05081,-112.10237,57,1.521
kaibab,36.05077,-112.10223,58,1.535
kaibab,36.05073,-112.10214,59,1.544
kaibab,36.05073,-112.10212,60,1.546
kaibab,36.05069,-112.102,61,1.558
kaibab,36.05052,-112.10137,62,1.617
kaibab,36.05038,-112.10056,63,1.692
kaibab,36.05035,-112.10029,64,1.716
kaibab,36.05033,-112.10018,65,1.726
kaibab,36.05033,-112.10017,66,1.727
kaibab,36.05029,-112.09996,67,1.747
kaibab,36.05015,-112.09933,68,1.805
kaibab,36.05002,-112.0989,69,1.847
kaibab,36.05001,-112.09885,70,1.851
kaibab,36.0499,-112.09857,71,1.879
kaibab,36.04986,-112.09846,72,1.89
kaibab,36.04979,-112.0983,73,1.906
kaibab,36.04977,-112.09824,74,1.912
kaibab,36.04924,-112.09716,75,2.026
kaibab,36.04922,-112.09713,76,2.029
kaibab,36.04897,-112.09664,77,2.081
kaibab,36.04895,-112.09659,78,2.086
kaibab,36.04877,-112.09623,79,2.125
kaibab,36.04876,-112.09622,80,2.126
kaibab,36.04849,-112.09568,81,2.183
kaibab,36.04838,-112.09546,82,2.206
kaibab,36.04814,-112.09487,83,2.266
kaibab,36.04734,-112.09168,84,2.566
kaibab,36.04727,-112.09128,85,2.603
kaibab,36.04727,-112.09124,86,2.606
kaibab,36.04724,-112.09109,87,2.62
kaibab,36.04724,-112.09102,88,2.627
kaibab,36.04722,-112.09094,89,2.634
kaibab,36.04719,-112.09058,90,2.667
kaibab,36.04719,-112.09044,91,2.679
kaibab,36.04718,-112.09036,92,2.686
kaibab,36.04718,-112.08832,93,2.87
kaibab,36.04712,-112.0878,94,2.917
kaibab,36.04703,-112.08729,95,2.964
kaibab,36.04691,-112.08676,96,3.014
kaibab,36.0473,-112.08658,97,3.06
kaibab,36.04731,-112.08658,98,3.061
kaibab,36.04748,-112.08649,99,3.081
kaibab,36.04748,-112.08648,100,3.082
kaibab,36.04766,-112.08636,101,3.105
kaibab,36.04797,-112.08607,102,3.148
kaibab,36.04854,-112.08531,103,3.242
kaibab,36.05015,-112.08291,104,3.522
kaibab,36.05024,-112.08302,105,3.536
kaibab,36.05063,-112.0834,106,3.591
kaibab,36.05077,-112.08348,107,3.608
kaibab,36.05089,-112.08353,108,3.622
kaibab,36.05091,-112.08353,109,3.625
kaibab,36.05099,-112.08356,110,3.634
kaibab,36.05107,-112.08358,111,3.643
kaibab,36.05119,-112.08359,112,3.656
kaibab,36.05141,-112.08358,113,3.681
kaibab,36.05144,-112.08357,114,3.684
kaibab,36.0516,-112.08354,115,3.702
kaibab,36.05162,-112.08353,116,3.705
kaibab,36.05171,-112.08351,117,3.715
kaibab,36.05208,-112.08338,118,3.758
kaibab,36.05214,-112.08336,119,3.765
kaibab,36.05222,-112.08334,120,3.774
kaibab,36.05244,-112.08334,121,3.798
kaibab,36.0525,-112.08337,122,3.805
kaibab,36.05254,-112.0834,123,3.81
kaibab,36.05257,-112.08341,124,3.814
kaibab,36.05262,-112.08348,125,3.822
kaibab,36.05263,-112.08349,126,3.824
kaibab,36.05263,-112.0835,127,3.825
kaibab,36.0527,-112.0836,128,3.837
kaibab,36.05284,-112.08387,129,3.865
kaibab,36.0527,-112.0836,130,3.894
kaibab,36.05263,-112.0835,131,3.906
kaibab,36.05262,-112.08348,132,3.908
kaibab,36.05257,-112.08341,133,3.917
kaibab,36.05254,-112.0834,134,3.92
kaibab,36.0525,-112.08337,135,3.925
kaibab,36.05244,-112.08334,136,3.932
kaibab,36.05238,-112.08333,137,3.939
kaibab,36.05229,-112.08333,138,3.949
kaibab,36.05222,-112.08334,139,3.957
kaibab,36.05171,-112.08351,140,4.016
kaibab,36.05162,-112.08353,141,4.026
kaibab,36.0516,-112.08354,142,4.028
kaibab,36.05144,-112.08357,143,4.046
kaibab,36.05141,-112.08358,144,4.05
kaibab,36.05131,-112.08359,145,4.061
kaibab,36.05119,-112.08359,146,4.074
kaibab,36.05107,-112.08358,147,4.088
kaibab,36.05099,-112.08356,148,4.097
kaibab,36.05091,-112.08353,149,4.106
kaibab,36.05077,-112.08348,150,4.122
kaibab,36.05063,-112.0834,151,4.139
kaibab,36.0505,-112.08329,152,4.157
kaibab,36.05015,-112.08291,153,4.209
kaibab,36.05088,-112.08187,154,4.333
kaibab,36.0509,-112.08184,155,4.336
kaibab,36.05092,-112.08182,156,4.339
kaibab,36.05107,-112.0817,157,4.359
kaibab,36.05118,-112.08163,158,4.372
kaibab,36.05167,-112.08152,159,4.428
kaibab,36.05182,-112.08148,160,4.445
kaibab,36.05205,-112.08134,161,4.473
kaibab,36.05255,-112.08093,162,4.54
kaibab,36.05263,-112.08088,163,4.55
kaibab,36.05274,-112.08079,164,4.565
kaibab,36.0528,-112.08075,165,4.572
kaibab,36.05292,-112.08069,166,4.587
kaibab,36.053,-112.08066,167,4.596
kaibab,36.05301,-112.08066,168,4.597
kaibab,36.05304,-112.08065,169,4.601
kaibab,36.05309,-112.08064,170,4.606
kaibab,36.05323,-112.08064,171,4.622
kaibab,36.05335,-112.08066,172,4.635
kaibab,36.05342,-112.08068,173,4.643
kaibab,36.05347,-112.08071,174,4.649
kaibab,36.05354,-112.08074,175,4.658
kaibab,36.05376,-112.08094,176,4.688
kaibab,36.05377,-112.08096,177,4.69
kaibab,36.05379,-112.08098,178,4.693
kaibab,36.05388,-112.08114,179,4.711
kaibab,36.05394,-112.08129,180,4.726
kaibab,36.05398,-112.08142,181,4.738
kaibab,36.05401,-112.08155,182,4.75
kaibab,36.05402,-112.08157,183,4.752
kaibab,36.05418,-112.08227,184,4.818
kaibab,36.05421,-112.08238,185,4.828
kaibab,36.05422,-112.0824,186,4.83
kaibab,36.05428,-112.08257,187,4.847
kaibab,36.05434,-112.08267,188,4.858
kaibab,36.05441,-112.08276,189,4.869
kaibab,36.05457,-112.08289,190,4.891
kaibab,36.05458,-112.0829,191,4.892
kaibab,36.05463,-112.08292,192,4.898
kaibab,36.05491,-112.08302,193,4.93
kaibab,36.05497,-112.08302,194,4.937
kaibab,36.05502,-112.08303,195,4.943
kaibab,36.05515,-112.08303,196,4.957
kaibab,36.05599,-112.08308,197,5.051
kaibab,36.05622,-112.08309,198,5.076
kaibab,36.05635,-112.08309,199,5.091
kaibab,36.0564,-112.0831,200,5.096
kaibab,36.05653,-112.0831,201,5.111
kaibab,36.05725,-112.08314,202,5.191
kaibab,36.05737,-112.08314,203,5.204
kaibab,36.05743,-112.08315,204,5.211
kaibab,36.05761,-112.08315,205,5.231
kaibab,36.05766,-112.08316,206,5.237
kaibab,36.05783,-112.08317,207,5.256
kaibab,36.05794,-112.08314,208,5.268
kaibab,36.05803,-112.08309,209,5.279
kaibab,36.05815,-112.08301,210,5.294
kaibab,36.05817,-112.083,211,5.297
kaibab,36.05821,-112.08297,212,5.302
kaibab,36.05825,-112.08296,213,5.306
kaibab,36.05828,-112.08293,214,5.311
kaibab,36.05832,-112.08291,215,5.315
kaibab,36.05836,-112.08291,216,5.32
kaibab,36.05839,-112.0829,217,5.323
kaibab,36.05841,-112.0829,218,5.326
kaibab,36.05845,-112.08291,219,5.33
kaibab,36.05848,-112.08293,220,5.334
kaibab,36.05852,-112.08295,221,5.339
kaibab,36.05855,-112.08297,222,5.342
kaibab,36.05857,-112.083,223,5.346
kaibab,36.0586,-112.08306,224,5.352
kaibab,36.05862,-112.08309,225,5.356
kaibab,36.05862,-112.08313,226,5.359
kaibab,36.05863,-112.08318,227,5.364
kaibab,36.05863,-112.08329,228,5.374
kaibab,36.05862,-112.08333,229,5.378
kaibab,36.05859,-112.08341,230,5.386
kaibab,36.05853,-112.08349,231,5.395
kaibab,36.0585,-112.08351,232,5.399
kaibab,36.05846,-112.08353,233,5.404
kaibab,36.05842,-112.08354,234,5.409
kaibab,36.05835,-112.08354,235,5.416
kaibab,36.05824,-112.08349,236,5.429
kaibab,36.05813,-112.08341,237,5.444
kaibab,36.05808,-112.08336,238,5.451
kaibab,36.05796,-112.08326,239,5.467
kaibab,36.05792,-112.08324,240,5.472
kaibab,36.05783,-112.08317,241,5.483
kaibab,36.05743,-112.08315,242,5.528
kaibab,36.05725,-112.08314,243,5.548
kaibab,36.05653,-112.0831,244,5.628
kaibab,36.0564,-112.0831,245,5.643
kaibab,36.05635,-112.08309,246,5.648
kaibab,36.05622,-112.08309,247,5.663
kaibab,36.05617,-112.08308,248,5.668
kaibab,36.05599,-112.08308,249,5.688
kaibab,36.05515,-112.08303,250,5.782
kaibab,36.05502,-112.08303,251,5.796
kaibab,36.05497,-112.08302,252,5.802
kaibab,36.05491,-112.08302,253,5.809
kaibab,36.05463,-112.08292,254,5.841
kaibab,36.05462,-112.08292,255,5.842
kaibab,36.05458,-112.0829,256,5.847
kaibab,36.05457,-112.08289,257,5.848
kaibab,36.05446,-112.08281,258,5.862
kaibab,36.05441,-112.08276,259,5.87
kaibab,36.05434,-112.08267,260,5.881
kaibab,36.05428,-112.08257,261,5.892
kaibab,36.05422,-112.0824,262,5.909
kaibab,36.05421,-112.08238,263,5.911
kaibab,36.05418,-112.08227,264,5.921
kaibab,36.05418,-112.08226,265,5.922
kaibab,36.05402,-112.08157,266,5.987
kaibab,36.05401,-112.08155,267,5.989
kaibab,36.05398,-112.08142,268,6.001
kaibab,36.05388,-112.08114,269,6.028
kaibab,36.05379,-112.08098,270,6.046
kaibab,36.05377,-112.08096,271,6.049
kaibab,36.05376,-112.08094,272,6.051
kaibab,36.05365,-112.08083,273,6.067
kaibab,36.05354,-112.08074,274,6.081
kaibab,36.05347,-112.08071,275,6.09
kaibab,36.05342,-112.08068,276,6.096
kaibab,36.05335,-112.08066,277,6.104
kaibab,36.05323,-112.08064,278,6.117
kaibab,36.05309,-112.08064,279,6.133
kaibab,36.05304,-112.08065,280,6.138
kaibab,36.05301,-112.08066,281,6.142
kaibab,36.053,-112.08066,282,6.143
kaibab,36.0528,-112.08075,283,6.167
kaibab,36.05274,-112.08079,284,6.174
kaibab,36.05263,-112.08088,285,6.189
kaibab,36.05255,-112.08093,286,6.199
kaibab,36.05205,-112.08134,287,6.266
kaibab,36.05182,-112.08148,288,6.294
kaibab,36.05167,-112.08152,289,6.311
kaibab,36.05133,-112.08158,290,6.349
kaibab,36.05118,-112.08163,291,6.367
kaibab,36.05107,-112.0817,292,6.38
kaibab,36.05092,-112.08182,293,6.4
kaibab,36.0509,-112.08184,294,6.403
kaibab,36.05088,-112.08187,295,6.407
kaibab,36.05078,-112.08198,296,6.421
kaibab,36.04797,-112.08607,297,6.904
kaibab,36.04766,-112.08636,298,6.947
kaibab,36.04758,-112.08642,299,6.958
kaibab,36.04748,-112.08648,300,6.97
kaibab,36.04731,-112.08658,301,6.991
kaibab,36.0473,-112.08658,302,6.992
kaibab,36.04718,-112.08832,303,7.149
kaibab,36.04718,-112.09036,304,7.332
kaibab,36.04719,-112.09058,305,7.352
kaibab,36.04722,-112.09094,306,7.385
kaibab,36.04724,-112.09102,307,7.392
kaibab,36.04724,-112.09109,308,7.399
kaibab,36.04727,-112.09124,309,7.413
kaibab,36.04727,-112.09128,310,7.416
kaibab,36.04796,-112.09432,311,7.7
kaibab,36.04804,-112.09457,312,7.724
kaibab,36.04814,-112.09486,313,7.752
kaibab,36.04814,-112.09487,314,7.753
kaibab,36.04838,-112.09546,315,7.813
kaibab,36.04849,-112.09568,316,7.836
kaibab,36.04876,-112.09622,317,7.893
kaibab,36.04895,-112.09659,318,7.933
kaibab,36.04897,-112.09664,319,7.938
kaibab,36.04922,-112.09713,320,7.99
kaibab,36.04924,-112.09716,321,7.993
kaibab,36.04979,-112.0983,322,8.112
kaibab,36.04981,-112.09832,323,8.115
kaibab,36.04986,-112.09846,324,8.129
kaibab,36.04988,-112.0985,325,8.133
kaibab,36.0499,-112.09857,326,8.14
kaibab,36.05001,-112.09885,327,8.168
kaibab,36.05015,-112.09932,328,8.213
kaibab,36.05029,-112.09993,329,8.27
kaibab,36.05033,-112.10017,330,8.292
kaibab,36.05033,-112.10018,331,8.293
kaibab,36.05035,-112.10029,332,8.303
kaibab,36.05038,-112.10056,333,8.328
kaibab,36.05052,-112.10137,334,8.402
kaibab,36.05073,-112.10214,335,8.475
kaibab,36.05077,-112.10223,336,8.484
kaibab,36.05081,-112.10237,337,8.498
kaibab,36.05085,-112.10246,338,8.507
kaibab,36.05087,-112.10252,339,8.513
kaibab,36.05135,-112.10355,340,8.62
kaibab,36.05136,-112.10358,341,8.623
kaibab,36.05211,-112.10513,342,8.785
kaibab,36.05223,-112.10526,343,8.803
kaibab,36.05227,-112.10528,344,8.807
kaibab,36.05228,-112.10529,345,8.809
kaibab,36.0523,-112.1053,346,8.811
kaibab,36.05302,-112.10496,347,8.897
kaibab,36.0533,-112.10484,348,8.93
kaibab,36.05395,-112.10463,349,9.005
kaibab,36.05409,-112.1046,350,9.02
kaibab,36.05412,-112.1046,351,9.024
kaibab,36.05492,-112.10452,352,9.113
kaibab,36.05537,-112.10454,353,9.163
kaibab,36.05543,-112.10455,354,9.17
kaibab,36.05549,-112.10455,355,9.176
kaibab,36.0556,-112.10456,356,9.189
kaibab,36.05602,-112.10462,357,9.236
kaibab,36.05618,-112.10466,358,9.254
kaibab,36.05625,-112.10467,359,9.262
kaibab,36.05652,-112.10475,360,9.293
kaibab,36.05677,-112.10484,361,9.322
kaibab,36.05698,-112.10498,362,9.348
kaibab,36.057,-112.10499,363,9.351
kaibab,36.05705,-112.10504,364,9.358
kaibab,36.0571,-112.1051,365,9.365
kaibab,36.05711,-112.1051,366,9.367
kaibab,36.05718,-112.1052,367,9.378
kaibab,36.05722,-112.10527,368,9.386
kaibab,36.05723,-112.1053,369,9.389
kaibab,36.05726,-112.10535,370,9.395
kaibab,36.0573,-112.10544,371,9.404
kaibab,36.0573,-112.10546,372,9.406
kaibab,36.05734,-112.10557,373,9.416
kaibab,36.05735,-112.10563,374,9.422
kaibab,36.0574,-112.1058,375,9.438
kaibab,36.0574,-112.10586,376,9.444
kaibab,36.05741,-112.10591,377,9.448
kaibab,36.05741,-112.10613,378,9.468
kaibab,36.05737,-112.10639,379,9.492
kaibab,36.05729,-112.10662,380,9.514
kaibab,36.05722,-112.10677,381,9.53
kaibab,36.05692,-112.10719,382,9.58
kaibab,36.05673,-112.10747,383,9.613
kaibab,36.05669,-112.10756,384,9.622
kaibab,36.05668,-112.10757,385,9.624
kaibab,36.05663,-112.10772,386,9.638
kaibab,36.05659,-112.10783,387,9.649
kaibab,36.05656,-112.10808,388,9.672
kaibab,36.05655,-112.10814,389,9.678
kaibab,36.05655,-112.10838,390,9.699
kaibab,36.0566,-112.10863,391,9.722
kaibab,36.05671,-112.10893,392,9.752
kaibab,36.05677,-112.10903,393,9.763
kaibab,36.05682,-112.1091,394,9.771
kaibab,36.05695,-112.10925,395,9.791
kaibab,36.05708,-112.10908,396,9.812
kaibab,36.05726,-112.10845,397,9.872
kaibab,36.05728,-112.10841,398,9.877
kaibab,36.05729,-112.10837,399,9.88
kaibab,36.05736,-112.10824,400,9.894
kaibab,36.05738,-112.10819,401,9.899
kaibab,36.05744,-112.1081,402,9.91
kaibab,36.05745,-112.1081,403,9.911
kaibab,36.05746,-112.10808,404,9.913
kaibab,36.05752,-112.10802,405,9.922
kaibab,36.05754,-112.10802,406,9.924
kaibab,36.057637,-112.108001,407,9.935
kaibab,36.05767,-112.10798,408,9.939
kaibab,36.05771,-112.10798,409,9.943
kaibab,36.05782,-112.108018,410,9.956
kaibab,36.057877,-112.108012,411,9.962
kaibab,36.058039,-112.10809,412,9.982
kaibab,36.058216,-112.108188,413,10.003
kaibab,36.058448,-112.108451,414,10.038
kaibab,36.058567,-112.108628,415,10.059
kaibab,36.058545,-112.108714,416,10.067
kaibab,36.058423,-112.108833,417,10.084
kaibab,36.05825,-112.108723,418,10.106
kaibab,36.057749,-112.108067,419,10.187
kaibab,36.057694,-112.108056,420,10.193
kaibab,36.057639,-112.108048,421,10.199
kaibab,36.057614,-112.108048,422,10.202
kaibab,36.057601,-112.108038,423,10.204
kaibab,36.05755,-112.10801,424,10.21
kaibab,36.05746,-112.10808,425,10.222
kaibab,36.05745,-112.1081,426,10.224
kaibab,36.05736,-112.10824,427,10.24
kaibab,36.05714,-112.10897,428,10.31
kaibab,36.05695,-112.10925,429,10.343
kaibab,36.05771,-112.11022,430,10.465
kaibab,36.05799,-112.1106,431,10.511
kaibab,36.05807,-112.11073,432,10.525
kaibab,36.05832,-112.11105,433,10.565
kaibab,36.05846,-112.11114,434,10.583
kaibab,36.05861,-112.11119,435,10.6
kaibab,36.05866,-112.1112,436,10.606
kaibab,36.05891,-112.1112,437,10.634
kaibab,36.059,-112.11119,438,10.644
kaibab,36.05921,-112.11119,439,10.667
kaibab,36.05958,-112.11116,440,10.708
kaibab,36.05963,-112.11114,441,10.714
kaibab,36.05976,-112.11111,442,10.729
kaibab,36.06073,-112.11076,443,10.841
kaibab,36.06124,-112.11058,444,10.9
kaibab,36.06129,-112.11056,445,10.906
kaibab,36.06148,-112.11054,446,10.927
kaibab,36.06157,-112.11053,447,10.937
kaibab,36.06161,-112.11053,448,10.942
kaibab,36.06173,-112.11055,449,10.955
kaibab,36.06175,-112.11055,450,10.957
kaibab,36.062046,-112.110628,451,10.991
kaibab,36.062119,-112.110496,452,11.005
kaibab,36.062164,-112.110299,453,11.024
kaibab,36.062104,-112.11012,454,11.041
kaibab,36.061942,-112.109878,455,11.07
kaibab,36.06183,-112.109751,456,11.086
kaibab,36.061749,-112.109607,457,11.102
kaibab,36.061646,-112.109413,458,11.123
kaibab,36.061638,-112.109237,459,11.139
kaibab,36.061707,-112.109155,460,11.15
kaibab,36.061824,-112.109159,461,11.163
kaibab,36.061878,-112.109183,462,11.169
kaibab,36.061901,-112.109418,463,11.19
kaibab,36.061911,-112.109631,464,11.209
kaibab,36.062029,-112.109946,465,11.241
kaibab,36.062149,-112.110164,466,11.264
kaibab,36.062199,-112.110318,467,11.279
kaibab,36.06217,-112.110529,468,11.298
kaibab,36.062162,-112.110604,469,11.305
kaibab,36.0622,-112.11071,470,11.316
kaibab,36.06241,-112.11087,471,11.343
kaibab,36.06242,-112.11087,472,11.344
kaibab,36.06257,-112.11102,473,11.366
kaibab,36.06262,-112.11108,474,11.373
kaibab,36.06267,-112.11113,475,11.381
kaibab,36.06268,-112.11116,476,11.383
kaibab,36.06272,-112.1112,477,11.389
kaibab,36.0628,-112.11135,478,11.405
kaibab,36.06289,-112.11149,479,11.421
kaibab,36.0632,-112.11207,480,11.484
kaibab,36.06334,-112.11237,481,11.515
kaibab,36.06346,-112.11266,482,11.544
kaibab,36.06355,-112.11292,483,11.57
kaibab,36.06357,-112.11301,484,11.578
kaibab,36.0636,-112.11309,485,11.586
kaibab,36.06363,-112.1132,486,11.597
kaibab,36.06365,-112.11332,487,11.608
kaibab,36.06368,-112.11343,488,11.618
kaibab,36.06377,-112.11399,489,11.669
kaibab,36.0638,-112.11432,490,11.699
kaibab,36.0638,-112.11444,491,11.71
kaibab,36.06381,-112.11455,492,11.72
kaibab,36.06381,-112.11466,493,11.73
kaibab,36.0638,-112.11477,494,11.74
kaibab,36.0638,-112.1149,495,11.751
kaibab,36.06377,-112.11526,496,11.784
kaibab,36.06374,-112.11548,497,11.804
kaibab,36.06373,-112.11552,498,11.808
kaibab,36.0637,-112.11573,499,11.827
kaibab,36.06369,-112.11589,500,11.841
kaibab,36.06362,-112.11627,501,11.876
kaibab,36.06359,-112.11638,502,11.887
kaibab,36.06357,-112.11643,503,11.892
kaibab,36.06354,-112.11655,504,11.903
kaibab,36.06338,-112.11697,505,11.945
kaibab,36.06315,-112.11745,506,11.995
kaibab,36.06289,-112.1179,507,12.045
kaibab,36.06305,-112.11809,508,12.069
kaibab,36.0632,-112.11824,509,12.091
kaibab,36.0633,-112.1183,510,12.103
kaibab,36.06341,-112.11836,511,12.117
kaibab,36.06345,-112.11837,512,12.121
kaibab,36.06349,-112.11839,513,12.126
kaibab,36.06358,-112.11841,514,12.136
kaibab,36.06363,-112.11841,515,12.142
kaibab,36.06368,-112.11842,516,12.147
kaibab,36.06381,-112.11842,517,12.162
kaibab,36.06446,-112.11824,518,12.236
kaibab,36.06452,-112.11823,519,12.242
kaibab,36.06472,-112.11814,520,12.266
kaibab,36.06485,-112.11805,521,12.283
kaibab,36.06511,-112.11779,522,12.32
kaibab,36.06523,-112.11765,523,12.338
kaibab,36.06528,-112.11757,524,12.347
kaibab,36.06531,-112.11754,525,12.352
kaibab,36.06536,-112.11758,526,12.358
kaibab,36.0654,-112.11762,527,12.364
kaibab,36.06543,-112.11766,528,12.369
kaibab,36.06544,-112.11769,529,12.372
kaibab,36.06544,-112.11773,530,12.375
kaibab,36.06539,-112.11793,531,12.394
kaibab,36.06539,-112.11795,532,12.396
kaibab,36.0653,-112.11814,533,12.416
kaibab,36.06515,-112.11841,534,12.445
kaibab,36.06504,-112.11856,535,12.463
kaibab,36.06501,-112.11858,536,12.467
kaibab,36.06497,-112.1186,537,12.472
kaibab,36.06494,-112.11861,538,12.475
kaibab,36.06489,-112.11861,539,12.481
kaibab,36.06483,-112.11858,540,12.488
kaibab,36.06478,-112.11853,541,12.495
kaibab,36.0647,-112.11841,542,12.509
kaibab,36.06469,-112.11837,543,12.513
kaibab,36.06461,-112.11827,544,12.526
kaibab,36.06458,-112.11826,545,12.529
kaibab,36.06446,-112.11824,546,12.543
kaibab,36.06381,-112.11842,547,12.617
kaibab,36.06368,-112.11842,548,12.631
kaibab,36.06363,-112.11841,549,12.637
kaibab,36.06358,-112.11841,550,12.642
kaibab,36.06349,-112.11839,551,12.653
kaibab,36.06345,-112.11837,552,12.657
kaibab,36.06341,-112.11836,553,12.662
kaibab,36.0633,-112.11831,554,12.675
kaibab,36.0632,-112.11824,555,12.688
kaibab,36.06305,-112.11809,556,12.709
kaibab,36.06279,-112.11779,557,12.749
kaibab,36.06307,-112.11734,558,12.8
kaibab,36.06318,-112.11714,559,12.821
kaibab,36.06321,-112.11707,560,12.829
kaibab,36.06325,-112.117,561,12.836
kaibab,36.06347,-112.11648,562,12.889
kaibab,36.06357,-112.11619,563,12.917
kaibab,36.06364,-112.11593,564,12.942
kaibab,36.06367,-112.11578,565,12.956
kaibab,36.0637,-112.11573,566,12.962
kaibab,36.06374,-112.11548,567,12.984
kaibab,36.06377,-112.11526,568,13.004
kaibab,36.0638,-112.1149,569,13.037
kaibab,36.0638,-112.11477,570,13.049
kaibab,36.06381,-112.11466,571,13.059
kaibab,36.0638,-112.11444,572,13.078
kaibab,36.0638,-112.11432,573,13.089
kaibab,36.06377,-112.11399,574,13.119
kaibab,36.06368,-112.11343,575,13.17
kaibab,36.06365,-112.11332,576,13.181
kaibab,36.06363,-112.1132,577,13.192
kaibab,36.0636,-112.11309,578,13.202
kaibab,36.06357,-112.11301,579,13.21
kaibab,36.06355,-112.11292,580,13.219
kaibab,36.06346,-112.11266,581,13.244
kaibab,36.06334,-112.11237,582,13.273
kaibab,36.0632,-112.11207,583,13.304
kaibab,36.06289,-112.11149,584,13.367
kaibab,36.0628,-112.11135,585,13.383
kaibab,36.06272,-112.1112,586,13.399
kaibab,36.06268,-112.11116,587,13.405
kaibab,36.06267,-112.11113,588,13.408
kaibab,36.06262,-112.11108,589,13.415
kaibab,36.06257,-112.11102,590,13.423
kaibab,36.06242,-112.11087,591,13.444
kaibab,36.06241,-112.11087,592,13.445
kaibab,36.0622,-112.11071,593,13.473
kaibab,36.062107,-112.110674,594,13.484
kaibab,36.06175,-112.11055,595,13.525
kaibab,36.06173,-112.11055,596,13.527
kaibab,36.06161,-112.11053,597,13.54
kaibab,36.06157,-112.11053,598,13.545
kaibab,36.06148,-112.11054,599,13.555
kaibab,36.06141,-112.11054,600,13.563
kaibab,36.06129,-112.11056,601,13.576
kaibab,36.06124,-112.11058,602,13.582
kaibab,36.06094,-112.11067,603,13.616
kaibab,36.06073,-112.11076,604,13.641
kaibab,36.05976,-112.11111,605,13.753
kaibab,36.05963,-112.11114,606,13.768
kaibab,36.05958,-112.11116,607,13.774
kaibab,36.05921,-112.11119,608,13.815
kaibab,36.059,-112.11119,609,13.839
kaibab,36.05891,-112.1112,610,13.849
kaibab,36.05866,-112.1112,611,13.876
kaibab,36.05861,-112.11119,612,13.882
kaibab,36.05846,-112.11114,613,13.899
kaibab,36.05832,-112.11105,614,13.917
kaibab,36.05807,-112.11073,615,13.957
kaibab,36.05799,-112.1106,616,13.972
kaibab,36.05771,-112.11022,617,14.018
kaibab,36.05695,-112.10925,618,14.139
kaibab,36.05708,-112.10908,619,14.16
kaibab,36.05714,-112.10897,620,14.172
kaibab,36.05718,-112.10881,621,14.187
kaibab,36.05718,-112.10877,622,14.191
kaibab,36.05721,-112.10861,623,14.206
kaibab,36.05726,-112.10845,624,14.221
kaibab,36.05729,-112.10837,625,14.229
kaibab,36.05736,-112.10824,626,14.243
kaibab,36.05738,-112.10819,627,14.248
kaibab,36.05745,-112.1081,628,14.259
kaibab,36.05746,-112.10808,629,14.261
kaibab,36.05752,-112.10802,630,14.27
kaibab,36.05754,-112.10802,631,14.272
kaibab,36.05755,-112.10801,632,14.274
kaibab,36.057586,-112.107995,633,14.278
kaibab,36.0576,-112.10799,634,14.279
kaibab,36.057636,-112.107959,635,14.284
kaibab,36.057711,-112.107946,636,14.293
kaibab,36.057783,-112.107974,637,14.301
kaibab,36.057866,-112.107976,638,14.31
kaibab,36.058026,-112.107997,639,14.328
kaibab,36.058222,-112.108129,640,14.353
kaibab,36.05853,-112.108451,641,14.398
kaibab,36.058577,-112.108632,642,14.415
kaibab,36.05855,-112.108735,643,14.425
kaibab,36.058434,-112.10885,644,14.441
kaibab,36.058281,-112.108815,645,14.459
kaibab,36.058204,-112.108733,647,14.47
hikers,36.056303,-112.139847,1,0.0
hikers,36.056471,-112.140788,2,0.087
hikers,36.056601,-112.14213,3,0.208
hikers,36.05661,-112.14233,4,0.226
hikers,36.05663,-112.14248,5,0.24
hikers,36.05664,-112.14259,6,0.25
hikers,36.05667,-112.14278,7,0.267
hikers,36.05669,-112.1429,8,0.278
hikers,36.05672,-112.14304,9,0.291
hikers,36.05673,-112.1431,10,0.297
hikers,36.05679,-112.14331,11,0.317
hikers,36.05683,-112.1435,12,0.334
hikers,36.05684,-112.14352,13,0.336
hikers,36.05693,-112.14385,14,0.368
hikers,36.05695,-112.14394,15,0.376
hikers,36.05696,-112.14398,16,0.38
hikers,36.05698,-112.14405,17,0.387
hikers,36.05698,-112.14414,18,0.395
hikers,36.05699,-112.14418,19,0.398
hikers,36.05698,-112.14421,20,0.401
hikers,36.05698,-112.14423,21,0.403
hikers,36.05697,-112.14427,22,0.407
hikers,36.05695,-112.1443,23,0.41
hikers,36.05691,-112.14436,24,0.417
hikers,36.05684,-112.14441,25,0.426
hikers,36.05682,-112.14442,26,0.429
hikers,36.05679,-112.14442,27,0.432
hikers,36.05675,-112.14443,28,0.437
hikers,36.05656,-112.14445,29,0.458
hikers,36.05636,-112.14443,30,0.48
hikers,36.05611,-112.14442,31,0.508
hikers,36.05601,-112.14443,32,0.519
hikers,36.05594,-112.14442,33,0.527
hikers,36.05592,-112.14442,34,0.529
hikers,36.05581,-112.14438,35,0.542
hikers,36.05573,-112.14434,36,0.552
hikers,36.05567,-112.14431,37,0.559
hikers,36.05557,-112.14423,38,0.572
hikers,36.05546,-112.14412,39,0.588
hikers,36.05537,-112.14403,40,0.601
hikers,36.05532,-112.14399,41,0.607
hikers,36.0553,-112.14399,42,0.609
hikers,36.05521,-112.14395,43,0.62
hikers,36.05513,-112.14395,44,0.629
hikers,36.05497,-112.14398,45,0.647
hikers,36.05481,-112.14404,46,0.666
hikers,36.05451,-112.14413,47,0.7
hikers,36.05436,-112.14418,48,0.717
hikers,36.05414,-112.14424,49,0.742
hikers,36.05407,-112.14425,50,0.75
hikers,36.05402,-112.14425,51,0.756
hikers,36.05398,-112.14424,52,0.76
hikers,36.05393,-112.14421,53,0.766
hikers,36.05389,-112.14418,54,0.772
hikers,36.05386,-112.14414,55,0.776
hikers,36.05383,-112.1441,56,0.781
hikers,36.05378,-112.14402,57,0.79
hikers,36.05375,-112.14394,58,0.798
hikers,36.05373,-112.14382,59,0.809
hikers,36.05371,-112.14372,60,0.819
hikers,36.05371,-112.14364,61,0.826
hikers,36.05371,-112.14359,62,0.83
hikers,36.05372,-112.14353,63,0.836
hikers,36.05372,-112.1435,64,0.839
hikers,36.05372,-112.14348,65,0.84
hikers,36.05374,-112.1434,66,0.848
hikers,36.05376,-112.14333,67,0.855
hikers,36.05379,-112.14328,68,0.86
hikers,36.05382,-112.14324,69,0.865
hikers,36.05389,-112.14314,70,0.877
hikers,36.05392,-112.14312,71,0.881
hikers,36.05405,-112.143,72,0.899
hikers,36.05413,-112.14293,73,0.91
hikers,36.0542,-112.14285,74,0.92
hikers,36.05427,-112.14271,75,0.935
hikers,36.0543,-112.14261,76,0.945
hikers,36.05431,-112.14256,77,0.949
hikers,36.05431,-112.1425,78,0.955
hikers,36.0543,-112.14243,79,0.961
hikers,36.05429,-112.14232,80,0.971
hikers,36.05425,-112.14223,81,0.98
hikers,36.05419,-112.14214,82,0.991
hikers,36.05412,-112.14205,83,1.002
hikers,36.05405,-112.14215,84,1.014
hikers,36.05399,-112.14224,85,1.024
hikers,36.05386,-112.14242,86,1.046
hikers,36.05375,-112.14257,87,1.064
hikers,36.05358,-112.14274,88,1.089
hikers,36.05337,-112.1429,89,1.116
hikers,36.05334,-112.14292,90,1.12
hikers,36.05323,-112.143,91,1.134
hikers,36.05303,-112.14311,92,1.158
hikers,36.05284,-112.14317,93,1.18
hikers,36.05287,-112.14327,94,1.19
hikers,36.05288,-112.14332,95,1.194
hikers,36.05286,-112.14342,96,1.204
hikers,36.05283,-112.14344,97,1.207
hikers,36.05277,-112.14347,98,1.215
hikers,36.05251,-112.14355,99,1.244
hikers,36.05247,-112.14356,100,1.249
hikers,36.05216,-112.14366,101,1.285
hikers,36.05207,-112.14369,102,1.295
hikers,36.05206,-112.14362,103,1.301
hikers,36.05206,-112.14355,104,1.308
hikers,36.05207,-112.1435,105,1.312
hikers,36.05209,-112.14346,106,1.316
hikers,36.05213,-112.14343,107,1.322
hikers,36.05232,-112.14336,108,1.344
hikers,36.05261,-112.14326,109,1.377
hikers,36.05284,-112.14317,110,1.404
hikers,36.05303,-112.14311,111,1.426
hikers,36.05323,-112.143,112,1.45
hikers,36.05334,-112.14292,113,1.464
hikers,36.05337,-112.1429,114,1.468
hikers,36.05358,-112.14274,115,1.496
hikers,36.05375,-112.14257,116,1.52
hikers,36.05386,-112.14242,117,1.538
hikers,36.05399,-112.14224,118,1.56
hikers,36.05405,-112.14215,119,1.57
hikers,36.05412,-112.14205,120,1.582
hikers,36.05437,-112.1416,121,1.631
hikers,36.05444,-112.14148,122,1.644
hikers,36.05474,-112.141,123,1.699
hikers,36.0549,-112.14073,124,1.729
hikers,36.05507,-112.14025,125,1.776
hikers,36.0552,-112.13989,126,1.812
hikers,36.05527,-112.13963,127,1.836
hikers,36.05537,-112.13922,128,1.875
hikers,36.05545,-112.13881,129,1.913
hikers,36.05548,-112.13862,130,1.93
hikers,36.05549,-112.13859,131,1.933
hikers,36.05549,-112.13855,132,1.937
hikers,36.05549,-112.13853,133,1.938
hikers,36.05548,-112.13849,134,1.942
hikers,36.05547,-112.13842,135,1.949
hikers,36.05546,-112.13839,136,1.952
hikers,36.05545,-112.13836,137,1.954
hikers,36.05548,-112.13823,138,1.967
hikers,36.05556,-112.13795,139,1.993
hikers,36.05562,-112.13773,140,2.014
hikers,36.05567,-112.13756,141,2.03
hikers,36.0558,-112.13704,142,2.079
hikers,36.05591,-112.13667,143,2.115
hikers,36.05591,-112.13664,144,2.117
hikers,36.05596,-112.13646,145,2.135
hikers,36.05597,-112.13644,146,2.137
hikers,36.05597,-112.13643,147,2.138
hikers,36.05605,-112.13615,148,2.164
hikers,36.05608,-112.13602,149,2.176
hikers,36.05615,-112.13579,150,2.199
hikers,36.05619,-112.1357,151,2.208
hikers,36.05624,-112.13561,152,2.218
hikers,36.05632,-112.13555,153,2.228
hikers,36.0564,-112.1355,154,2.238
hikers,36.05646,-112.13548,155,2.245
hikers,36.0565,-112.13542,156,2.252
hikers,36.05656,-112.13535,157,2.261
hikers,36.05661,-112.13521,158,2.275
hikers,36.05664,-112.13503,159,2.291
hikers,36.05665,-112.13493,160,2.3
hikers,36.05666,-112.13466,161,2.325
hikers,36.0566,-112.13438,162,2.351
hikers,36.0566,-112.13436,163,2.352
hikers,36.05657,-112.13416,164,2.371
hikers,36.05654,-112.13395,165,2.39
hikers,36.05653,-112.13389,166,2.395
hikers,36.05653,-112.13372,167,2.411
hikers,36.05653,-112.13363,168,2.419
hikers,36.05652,-112.1335,169,2.431
hikers,36.05653,-112.13315,170,2.462
hikers,36.05654,-112.13295,171,2.48
hikers,36.05655,-112.13233,172,2.536
hikers,36.0565,-112.13161,173,2.601
hikers,36.05642,-112.13118,174,2.64
hikers,36.05641,-112.13116,175,2.643
hikers,36.05637,-112.13098,176,2.659
hikers,36.05636,-112.13097,177,2.661
hikers,36.05617,-112.13023,178,2.731
hikers,36.05599,-112.12977,179,2.776
hikers,36.05583,-112.12941,180,2.813
hikers,36.05568,-112.12912,181,2.844
hikers,36.05547,-112.12872,182,2.887
hikers,36.05528,-112.12841,183,2.922
hikers,36.05495,-112.12793,184,2.979
hikers,36.05462,-112.12752,185,3.031
hikers,36.0543,-112.12714,186,3.08
hikers,36.0543,-112.12713,187,3.081
hikers,36.05426,-112.12709,188,3.087
hikers,36.0541,-112.12687,189,3.113
hikers,36.05405,-112.12681,190,3.121
hikers,36.05395,-112.12666,191,3.139
hikers,36.05384,-112.12645,192,3.161
hikers,36.05383,-112.12644,193,3.163
hikers,36.05373,-112.12623,194,3.184
hikers,36.05362,-112.12598,195,3.21
hikers,36.05355,-112.12576,196,3.231
hikers,36.05347,-112.12544,197,3.261
hikers,36.05341,-112.12515,198,3.288
hikers,36.05338,-112.12487,199,3.314
hikers,36.05337,-112.12456,200,3.342
hikers,36.05335,-112.12446,201,3.351
hikers,36.05335,-112.12442,202,3.354
hikers,36.05335,-112.12433,203,3.363
hikers,36.05335,-112.12424,204,3.371
hikers,36.05336,-112.12402,205,3.39
hikers,36.0534,-112.12379,206,3.412
hikers,36.05344,-112.12359,207,3.43
hikers,36.05349,-112.1234,208,3.448
hikers,36.0535,-112.12338,209,3.45
hikers,36.05352,-112.12327,210,3.46
hikers,36.05355,-112.12316,211,3.471
hikers,36.05363,-112.12298,212,3.489
hikers,36.05364,-112.12296,213,3.491
hikers,36.05372,-112.12279,214,3.509
hikers,36.05381,-112.1226,215,3.529
hikers,36.05382,-112.12258,216,3.531
hikers,36.05394,-112.12239,217,3.553
hikers,36.05404,-112.12226,218,3.569
hikers,36.05407,-112.12221,219,3.574
hikers,36.05421,-112.12204,220,3.596
hikers,36.05443,-112.12176,221,3.631
hikers,36.05469,-112.12149,222,3.669
hikers,36.0547,-112.12147,223,3.671
hikers,36.05483,-112.12135,224,3.689
hikers,36.0549,-112.12128,225,3.699
hikers,36.05511,-112.12108,226,3.729
hikers,36.0549,-112.12074,227,3.767
hikers,36.05472,-112.12043,228,3.801
hikers,36.05468,-112.12029,229,3.815
hikers,36.05466,-112.12022,230,3.821
hikers,36.05464,-112.12015,231,3.828
hikers,36.05463,-112.1201,232,3.833
hikers,36.05463,-112.12003,233,3.839
hikers,36.05463,-112.12,234,3.842
hikers,36.05463,-112.11997,235,3.844
hikers,36.05464,-112.11991,236,3.85
hikers,36.05465,-112.11982,237,3.858
hikers,36.05466,-112.11978,238,3.862
hikers,36.05466,-112.11976,239,3.864
hikers,36.05471,-112.11956,240,3.882
hikers,36.05472,-112.11952,241,3.886
hikers,36.05477,-112.11935,242,3.903
hikers,36.05483,-112.11915,243,3.922
hikers,36.0549,-112.11894,244,3.942
hikers,36.05499,-112.11859,245,3.975
hikers,36.05502,-112.11852,246,3.982
hikers,36.05502,-112.1185,247,3.984
hikers,36.05505,-112.11843,248,3.991
hikers,36.05508,-112.11837,249,3.998
hikers,36.05511,-112.11833,250,4.002
hikers,36.05514,-112.11828,251,4.008
hikers,36.05518,-112.11822,252,4.015
hikers,36.05522,-112.11815,253,4.023
hikers,36.05529,-112.11807,254,4.033
hikers,36.05535,-112.118,255,4.042
hikers,36.05541,-112.11794,256,4.051
hikers,36.05547,-112.11787,257,4.06
hikers,36.05549,-112.11786,258,4.063
hikers,36.05558,-112.11778,259,4.075
hikers,36.05563,-112.11772,260,4.083
hikers,36.05573,-112.11761,261,4.098
hikers,36.05576,-112.11757,262,4.102
hikers,36.05579,-112.11754,263,4.107
hikers,36.05583,-112.11748,264,4.114
hikers,36.05589,-112.11739,265,4.124
hikers,36.05594,-112.11731,266,4.133
hikers,36.05602,-112.11716,267,4.15
hikers,36.05608,-112.11704,268,4.162
hikers,36.05616,-112.11686,269,4.181
hikers,36.05625,-112.11665,270,4.202
hikers,36.05635,-112.11641,271,4.226
hikers,36.05641,-112.11623,272,4.244
hikers,36.05645,-112.11611,273,4.255
hikers,36.05645,-112.11609,274,4.257
hikers,36.05663,-112.11548,275,4.316
hikers,36.05673,-112.1151,276,4.352
hikers,36.05685,-112.1147,277,4.39
hikers,36.05688,-112.1146,278,4.399
hikers,36.05689,-112.11457,279,4.402
hikers,36.05695,-112.1144,280,4.419
hikers,36.05695,-112.11439,281,4.42
hikers,36.057,-112.11428,282,4.431
hikers,36.05705,-112.11418,283,4.442
hikers,36.0571,-112.11407,284,4.453
hikers,36.05715,-112.11399,285,4.462
hikers,36.0572,-112.1139,286,4.472
hikers,36.05726,-112.11382,287,4.482
hikers,36.05732,-112.11374,288,4.492
hikers,36.05736,-112.11368,289,4.499
hikers,36.05737,-112.11367,290,4.5
hikers,36.05744,-112.11358,291,4.511
hikers,36.05751,-112.1135,292,4.522
hikers,36.0576,-112.11342,293,4.534
hikers,36.05764,-112.11338,294,4.54
hikers,36.05768,-112.11334,295,4.546
hikers,36.05773,-112.1133,296,4.552
hikers,36.0578,-112.11325,297,4.561
hikers,36.05787,-112.11319,298,4.571
hikers,36.05794,-112.11315,299,4.579
hikers,36.05818,-112.113,300,4.609
hikers,36.05878,-112.11265,301,4.683
hikers,36.05885,-112.11261,302,4.692
hikers,36.0589,-112.11257,303,4.698
hikers,36.05891,-112.11256,304,4.7
hikers,36.05896,-112.11252,305,4.706
hikers,36.05902,-112.11247,306,4.714
hikers,36.05906,-112.11243,307,4.72
hikers,36.05908,-112.1124,308,4.724
hikers,36.05912,-112.11233,309,4.731
hikers,36.05915,-112.11229,310,4.736
hikers,36.05917,-112.11225,311,4.74
hikers,36.0592,-112.1122,312,4.746
hikers,36.05922,-112.11216,313,4.75
hikers,36.05923,-112.11212,314,4.754
hikers,36.05925,-112.11207,315,4.759
hikers,36.05926,-112.11204,316,4.762
hikers,36.05927,-112.11199,317,4.767
hikers,36.05928,-112.11194,318,4.771
hikers,36.05929,-112.11189,319,4.776
hikers,36.0593,-112.11183,320,4.781
hikers,36.0593,-112.11177,321,4.787
hikers,36.0593,-112.11166,322,4.797
hikers,36.0593,-112.11162,323,4.8
hikers,36.05929,-112.11157,324,4.805
hikers,36.05929,-112.11152,325,4.809
hikers,36.05928,-112.11145,326,4.816
hikers,36.05927,-112.1114,327,4.82
hikers,36.05926,-112.11139,328,4.822
hikers,36.05923,-112.11129,329,4.831
hikers,36.05921,-112.11119,330,4.841
hikers,36.0591,-112.11119,331,4.853
hikers,36.05903,-112.11119,332,4.861
hikers,36.059,-112.11119,333,4.864
hikers,36.05891,-112.1112,334,4.874
hikers,36.05884,-112.1112,335,4.882
hikers,36.05878,-112.1112,336,4.889
hikers,36.05866,-112.1112,337,4.902
hikers,36.05861,-112.11119,338,4.907
hikers,36.05855,-112.11117,339,4.914
hikers,36.05851,-112.11116,340,4.919
hikers,36.05846,-112.11114,341,4.925
hikers,36.05841,-112.11111,342,4.931
hikers,36.05837,-112.11108,343,4.936
hikers,36.05832,-112.11105,344,4.942
hikers,36.05826,-112.11098,345,4.952
hikers,36.05821,-112.11091,346,4.96
hikers,36.05815,-112.11083,347,4.97
hikers,36.05807,-112.11073,348,4.982
hikers,36.05799,-112.1106,349,4.997
hikers,36.05788,-112.11045,350,5.015
hikers,36.05771,-112.11022,351,5.043
hikers,36.05738,-112.10981,352,5.095
hikers,36.05704,-112.10937,353,5.15
hikers,36.05695,-112.10925,354,5.165
hikers,36.057,-112.10918,355,5.173
hikers,36.05705,-112.10912,356,5.181
hikers,36.05707,-112.10909,357,5.184
hikers,36.05708,-112.10908,358,5.186
hikers,36.05711,-112.10903,359,5.191
hikers,36.05713,-112.10899,360,5.196
hikers,36.05714,-112.10897,361,5.198
hikers,36.05715,-112.10894,362,5.201
hikers,36.05716,-112.1089,363,5.204
hikers,36.05717,-112.10886,364,5.208
hikers,36.05718,-112.10881,365,5.213
hikers,36.05718,-112.10877,366,5.216
hikers,36.05719,-112.10872,367,5.221
hikers,36.0572,-112.10867,368,5.226
hikers,36.05721,-112.10861,369,5.231
hikers,36.05723,-112.10855,370,5.237
hikers,36.05725,-112.10849,371,5.243
hikers,36.05726,-112.10845,372,5.247
hikers,36.05728,-112.10841,373,5.251
hikers,36.05729,-112.10837,374,5.255
hikers,36.05731,-112.10833,375,5.259
hikers,36.05733,-112.10829,376,5.263
hikers,36.05736,-112.10824,377,5.269
hikers,36.05738,-112.10819,378,5.274
hikers,36.05741,-112.10814,379,5.279
hikers,36.05744,-112.1081,380,5.284
hikers,36.05745,-112.1081,381,5.285
hikers,36.05746,-112.10808,382,5.287
hikers,36.05749,-112.10805,383,5.292
hikers,36.0575,-112.10804,384,5.293
hikers,36.05752,-112.10802,385,5.296
hikers,36.05754,-112.10802,386,5.298
hikers,36.05755,-112.10801,387,5.3
hikers,36.05759,-112.108,388,5.304
hikers,36.0576,-112.10799,389,5.306
hikers,36.05762,-112.10799,390,5.308
hikers,36.05767,-112.10798,391,5.313
hikers,36.05771,-112.10798,392,5.318
hikers,36.05783,-112.10799,393,5.331
hikers,36.05789,-112.108,394,5.338
hikers,36.05792,-112.108,395,5.341
hikers,36.05802,-112.10802,396,5.353
hikers,36.05806,-112.10804,397,5.357
hikers,36.05811,-112.10806,398,5.363
hikers,36.05817,-112.1081,399,5.371
hikers,36.05825,-112.10815,400,5.381
hikers,36.05832,-112.10822,401,5.391
hikers,36.05837,-112.10826,402,5.397
hikers,36.05838,-112.10827,403,5.399
hikers,36.05844,-112.10834,404,5.408
hikers,36.05845,-112.10836,405,5.41
hikers,36.05849,-112.1084,406,5.416
hikers,36.05851,-112.10844,407,5.42
hikers,36.05854,-112.10849,408,5.426
hikers,36.05855,-112.10851,409,5.428
hikers,36.05856,-112.10854,410,5.431
hikers,36.05856,-112.10856,411,5.432
hikers,36.05856,-112.10858,412,5.434
hikers,36.05856,-112.10861,413,5.437
hikers,36.05855,-112.10864,414,5.44
hikers,36.05854,-112.10866,415,5.442
hikers,36.05852,-112.1087,416,5.446
hikers,36.05851,-112.10872,417,5.448
hikers,36.05849,-112.10874,418,5.451
hikers,36.05847,-112.10875,419,5.454
hikers,36.05846,-112.10876,420,5.455
hikers,36.05844,-112.10878,421,5.458
hikers,36.05842,-112.10878,422,5.46
hikers,36.05841,-112.10878,423,5.461
hikers,36.05839,-112.10879,424,5.464
hikers,36.05838,-112.10879,425,5.465
hikers,36.05836,-112.10878,426,5.467
hikers,36.05834,-112.10877,427,5.47
hikers,36.05833,-112.10877,428,5.471
hikers,36.05831,-112.10876,429,5.473
hikers,36.05828,-112.10874,430,5.477
hikers,36.0582,-112.10864,431,5.489
hikers,36.05819,-112.10863,432,5.491
hikers,36.05809,-112.10851,433,5.506
hikers,36.05798,-112.10838,434,5.523
hikers,36.05794,-112.10832,435,5.53
hikers,36.05785,-112.1082,436,5.545
hikers,36.05782,-112.10816,437,5.55
hikers,36.05777,-112.10809,438,5.558
hikers,36.05771,-112.10798,439,5.57
hikers,36.05767,-112.10798,440,5.575
hikers,36.05762,-112.10799,441,5.58
hikers,36.0576,-112.10799,442,5.583
hikers,36.05759,-112.108,443,5.584
hikers,36.05755,-112.10801,444,5.589
hikers,36.05754,-112.10802,445,5.59
hikers,36.05752,-112.10802,446,5.592
hikers,36.0575,-112.10804,447,5.595
hikers,36.05749,-112.10805,448,5.596
hikers,36.05746,-112.10808,449,5.601
hikers,36.05745,-112.1081,450,5.603
hikers,36.05744,-112.1081,451,5.604
hikers,36.05741,-112.10814,452,5.609
hikers,36.05738,-112.10819,453,5.614
hikers,36.05736,-112.10824,454,5.62
hikers,36.05733,-112.10829,455,5.625
hikers,36.05731,-112.10833,456,5.629
hikers,36.05729,-112.10837,457,5.634
hikers,36.05728,-112.10841,458,5.637
hikers,36.05726,-112.10845,459,5.642
hikers,36.05725,-112.10849,460,5.645
hikers,36.05723,-112.10855,461,5.651
hikers,36.05721,-112.10861,462,5.657
hikers,36.0572,-112.10867,463,5.662
hikers,36.05719,-112.10872,464,5.667
hikers,36.05718,-112.10877,465,5.672
hikers,36.05718,-112.10881,466,5.675
hikers,36.05717,-112.10886,467,5.68
hikers,36.05716,-112.1089,468,5.684
hikers,36.05715,-112.10894,469,5.688
hikers,36.05714,-112.10897,470,5.69
hikers,36.05713,-112.10899,471,5.693
hikers,36.05711,-112.10903,472,5.697
hikers,36.05708,-112.10908,473,5.702
hikers,36.05707,-112.10909,474,5.704
hikers,36.05705,-112.10912,475,5.707
hikers,36.057,-112.10918,476,5.715
hikers,36.05695,-112.10925,477,5.723
hikers,36.05689,-112.10919,478,5.732
hikers,36.05684,-112.10912,479,5.74
hikers,36.05682,-112.1091,480,5.743
hikers,36.05677,-112.10903,481,5.752
hikers,36.05671,-112.10893,482,5.763
hikers,36.05667,-112.10884,483,5.772
hikers,36.05664,-112.10875,484,5.781
hikers,36.05662,-112.10868,485,5.788
hikers,36.0566,-112.10863,486,5.793
hikers,36.05658,-112.10853,487,5.802
hikers,36.05656,-112.10843,488,5.811
hikers,36.05655,-112.10838,489,5.816
hikers,36.05655,-112.10831,490,5.822
hikers,36.05655,-112.10825,491,5.827
hikers,36.05655,-112.1082,492,5.832
hikers,36.05655,-112.10814,493,5.837
hikers,36.05656,-112.10808,494,5.843
hikers,36.05656,-112.10802,495,5.848
hikers,36.05657,-112.10796,496,5.854
hikers,36.05658,-112.10789,497,5.86
hikers,36.05659,-112.10783,498,5.866
hikers,36.05661,-112.10778,499,5.871
hikers,36.05663,-112.10772,501,5.876
hikers,36.05664,-112.10768,502,5.88
hikers,36.05666,-112.10763,503,5.885
hikers,36.05667,-112.1076,504,5.888
hikers,36.05668,-112.10757,505,5.891
hikers,36.05669,-112.10756,506,5.893
hikers,36.05671,-112.10752,507,5.897
hikers,36.05673,-112.10747,508,5.902
hikers,36.05678,-112.10739,509,5.911
hikers,36.05683,-112.10732,510,5.919
hikers,36.05687,-112.10726,511,5.926
hikers,36.05692,-112.10719,512,5.935
hikers,36.05702,-112.10706,513,5.951
hikers,36.05713,-112.1069,514,5.97
hikers,36.05718,-112.10682,515,5.979
hikers,36.05722,-112.10677,516,5.985
hikers,36.05725,-112.10671,517,5.991
hikers,36.05729,-112.10662,518,6.001
hikers,36.05733,-112.10651,519,6.011
hikers,36.05735,-112.10645,520,6.017
hikers,36.05737,-112.10639,521,6.023
hikers,36.05739,-112.1063,522,6.032
hikers,36.0574,-112.1062,523,6.041
hikers,36.05741,-112.10613,524,6.047
hikers,36.05741,-112.10608,525,6.052
hikers,36.05741,-112.10606,526,6.053
hikers,36.05741,-112.10599,527,6.06
hikers,36.05741,-112.10591,528,6.067
hikers,36.0574,-112.10586,529,6.071
hikers,36.0574,-112.10585,530,6.072
hikers,36.0574,-112.1058,531,6.077
hikers,36.05737,-112.10569,532,6.087
hikers,36.05735,-112.10563,533,6.093
hikers,36.05734,-112.10557,534,6.099
hikers,36.0573,-112.10546,535,6.109
hikers,36.0573,-112.10544,536,6.111
hikers,36.05728,-112.1054,537,6.115
hikers,36.05726,-112.10535,538,6.12
hikers,36.05723,-112.1053,539,6.126
hikers,36.05722,-112.10527,540,6.129
hikers,36.05718,-112.1052,541,6.137
hikers,36.05714,-112.10515,542,6.143
hikers,36.05711,-112.1051,543,6.149
hikers,36.0571,-112.1051,544,6.15
hikers,36.05707,-112.10507,545,6.154
hikers,36.05705,-112.10504,546,6.157
hikers,36.05702,-112.10501,547,6.162
hikers,36.057,-112.10499,548,6.165
hikers,36.05698,-112.10498,549,6.167
hikers,36.05692,-112.10493,550,6.175
hikers,36.05689,-112.10491,551,6.179
hikers,36.05686,-112.10489,552,6.183
hikers,36.05682,-112.10487,553,6.187
hikers,36.05677,-112.10484,554,6.194
hikers,36.05669,-112.10481,555,6.203
hikers,36.0566,-112.10478,556,6.213
hikers,36.05652,-112.10475,557,6.223
hikers,36.05642,-112.10472,558,6.234
hikers,36.05635,-112.1047,559,6.242
hikers,36.05625,-112.10467,560,6.253
hikers,36.05618,-112.10466,561,6.261
hikers,36.0561,-112.10464,562,6.27
hikers,36.05602,-112.10462,563,6.279
hikers,36.05595,-112.10461,564,6.287
hikers,36.05589,-112.1046,565,6.294
hikers,36.0558,-112.10459,566,6.304
hikers,36.05573,-112.10458,567,6.312
hikers,36.05565,-112.10457,568,6.321
hikers,36.0556,-112.10456,569,6.326
hikers,36.05556,-112.10456,570,6.331
hikers,36.05549,-112.10455,571,6.339
hikers,36.05543,-112.10455,572,6.345
hikers,36.05537,-112.10454,573,6.352
hikers,36.05522,-112.10453,574,6.369
hikers,36.05505,-112.10452,575,6.388
hikers,36.05492,-112.10452,576,6.402
hikers,36.05478,-112.10453,577,6.418
hikers,36.05465,-112.10454,578,6.432
hikers,36.05449,-112.10455,579,6.45
hikers,36.05435,-112.10457,580,6.466
hikers,36.05422,-112.10459,581,6.48
hikers,36.05412,-112.10464,582,6.492
hikers,36.05398,-112.10468,583,6.508
hikers,36.05375,-112.10476,584,6.535
hikers,36.05327,-112.10498,585,6.592
hikers,36.05307,-112.10508,586,6.616
hikers,36.05289,-112.10517,587,6.637
hikers,36.05281,-112.10522,588,6.647
hikers,36.05231,-112.10555,589,6.71
hikers,36.05226,-112.10544,590,6.722
hikers,36.05217,-112.10525,591,6.742
hikers,36.05211,-112.10513,592,6.754
hikers,36.05173,-112.10434,593,6.837
hikers,36.05166,-112.1042,594,6.852
hikers,36.05164,-112.10415,595,6.857
hikers,36.05157,-112.10401,596,6.871
hikers,36.05155,-112.10396,597,6.876
hikers,36.05146,-112.10377,598,6.896
hikers,36.05136,-112.10358,599,6.917
hikers,36.05135,-112.10355,600,6.92
hikers,36.05127,-112.10339,601,6.937
hikers,36.05118,-112.1032,602,6.956
hikers,36.05111,-112.10305,603,6.972
hikers,36.05099,-112.10279,604,6.999
hikers,36.05096,-112.10272,605,7.006
hikers,36.0509,-112.10258,606,7.02
hikers,36.05087,-112.10252,607,7.026
hikers,36.05085,-112.10246,608,7.032
hikers,36.05081,-112.10237,609,7.042
hikers,36.05077,-112.10223,610,7.055
hikers,36.05073,-112.10214,611,7.064
hikers,36.05073,-112.10212,612,7.066
hikers,36.05069,-112.102,613,7.078
hikers,36.05066,-112.10189,614,7.088
hikers,36.05062,-112.10175,615,7.101
hikers,36.05058,-112.10159,616,7.116
hikers,36.05052,-112.10137,617,7.137
hikers,36.05049,-112.10121,618,7.152
hikers,36.05046,-112.10105,619,7.167
hikers,36.05043,-112.10086,620,7.184
hikers,36.05038,-112.10056,621,7.212
hikers,36.05035,-112.10029,622,7.236
hikers,36.05033,-112.10018,623,7.246
hikers,36.05033,-112.10017,624,7.247
hikers,36.05031,-112.10005,625,7.258
hikers,36.05029,-112.09996,626,7.267
hikers,36.05029,-112.09993,627,7.269
hikers,36.05026,-112.09981,628,7.281
hikers,36.05021,-112.09957,629,7.303
hikers,36.0502,-112.09953,630,7.307
hikers,36.05018,-112.09945,631,7.314
hikers,36.05015,-112.09933,632,7.326
hikers,36.05012,-112.09922,634,7.336
hikers,36.05009,-112.09911,635,7.347
hikers,36.05003,-112.09893,636,7.364
hikers,36.05002,-112.0989,637,7.367
hikers,36.05001,-112.09885,638,7.372
hikers,36.04996,-112.09872,639,7.385
hikers,36.0499,-112.09857,640,7.4
hikers,36.04988,-112.0985,641,7.406
hikers,36.04986,-112.09846,642,7.41
hikers,36.04981,-112.09832,643,7.424
hikers,36.04979,-112.0983,644,7.427
hikers,36.04977,-112.09824,645,7.433
hikers,36.04972,-112.09814,646,7.443
hikers,36.04967,-112.09802,647,7.456
hikers,36.0496,-112.09788,648,7.47
hikers,36.04954,-112.09776,649,7.483
hikers,36.04948,-112.09764,650,7.496
hikers,36.04934,-112.09736,651,7.525
hikers,36.04924,-112.09716,652,7.547
hikers,36.04922,-112.09713,653,7.55
hikers,36.04914,-112.09697,654,7.567
hikers,36.04907,-112.09683,655,7.582
hikers,36.04904,-112.09678,656,7.587
hikers,36.04897,-112.09664,657,7.602
hikers,36.04895,-112.09659,658,7.607
hikers,36.04885,-112.0964,659,7.628
hikers,36.04877,-112.09623,660,7.645
hikers,36.04876,-112.09622,661,7.647
hikers,36.04866,-112.09603,662,7.667
hikers,36.04861,-112.09593,663,7.678
hikers,36.04849,-112.09568,664,7.704
hikers,36.04848,-112.09565,665,7.707
hikers,36.04842,-112.09553,666,7.719
hikers,36.04838,-112.09546,667,7.727
hikers,36.04835,-112.09538,668,7.735
hikers,36.0483,-112.09526,669,7.747
hikers,36.04829,-112.09524,670,7.749
hikers,36.04822,-112.09506,671,7.767
hikers,36.04821,-112.09504,672,7.769
hikers,36.04814,-112.09487,673,7.786
hikers,36.04814,-112.09486,674,7.787
hikers,36.0481,-112.09474,675,7.799
hikers,36.04807,-112.09466,676,7.807
hikers,36.04806,-112.09463,677,7.81
hikers,36.04804,-112.09457,678,7.816
hikers,36.04801,-112.09448,679,7.824
hikers,36.04796,-112.09432,680,7.84
hikers,36.04794,-112.09424,681,7.847
hikers,36.04788,-112.094,682,7.87
hikers,36.04783,-112.09382,683,7.887
hikers,36.0478,-112.09368,684,7.9
hikers,36.04774,-112.09342,685,7.924
hikers,36.04773,-112.09339,686,7.927
hikers,36.0477,-112.09324,687,7.941
hikers,36.04765,-112.09301,688,7.963
hikers,36.04756,-112.09264,689,7.997
hikers,36.04754,-112.09253,690,8.008
hikers,36.04749,-112.09232,691,8.027
hikers,36.04744,-112.09211,692,8.047
hikers,36.04742,-112.09204,693,8.054
hikers,36.04739,-112.09189,694,8.067
hikers,36.04738,-112.09186,695,8.07
hikers,36.04734,-112.09168,696,8.087
hikers,36.04733,-112.09162,697,8.093
hikers,36.04731,-112.09151,698,8.103
hikers,36.0473,-112.09146,699,8.107
hikers,36.04729,-112.09141,700,8.112
hikers,36.04727,-112.09128,701,8.124
hikers,36.04727,-112.09124,702,8.128
hikers,36.04724,-112.09109,703,8.141
hikers,36.04724,-112.09102,704,8.148
hikers,36.04722,-112.09094,705,8.155
hikers,36.04721,-112.0908,706,8.168
hikers,36.04721,-112.09076,707,8.171
hikers,36.0472,-112.09066,708,8.181
hikers,36.04719,-112.09058,709,8.188
hikers,36.04719,-112.09044,710,8.2
hikers,36.04718,-112.09036,711,8.208
hikers,36.04718,-112.0903,712,8.213
hikers,36.04718,-112.09013,713,8.228
hikers,36.04718,-112.08999,714,8.241
hikers,36.04718,-112.08985,715,8.254
hikers,36.04719,-112.08938,716,8.296
hikers,36.0472,-112.08913,717,8.318
hikers,36.0472,-112.08874,718,8.353
hikers,36.04719,-112.08853,719,8.372
hikers,36.04718,-112.08841,720,8.383
hikers,36.04718,-112.08832,721,8.391
hikers,36.04717,-112.08821,722,8.401
hikers,36.04716,-112.08812,723,8.409
hikers,36.04715,-112.08804,724,8.417
hikers,36.04714,-112.08798,725,8.422
hikers,36.04713,-112.08792,726,8.428
hikers,36.04712,-112.0878,727,8.438
hikers,36.0471,-112.08768,728,8.449
hikers,36.04706,-112.08748,729,8.468
hikers,36.04703,-112.08729,730,8.485
hikers,36.047,-112.08716,731,8.498
hikers,36.04697,-112.08701,732,8.511
hikers,36.04691,-112.08676,733,8.535
hikers,36.04698,-112.08673,734,8.543
hikers,36.04702,-112.08671,735,8.548
hikers,36.0473,-112.08658,736,8.581
hikers,36.04731,-112.08658,737,8.582
hikers,36.0474,-112.08653,738,8.593
hikers,36.04748,-112.08649,739,8.603
hikers,36.04748,-112.08648,740,8.604
hikers,36.04758,-112.08642,741,8.616
hikers,36.04763,-112.08638,742,8.623
hikers,36.04766,-112.08636,743,8.627
hikers,36.04775,-112.08628,744,8.639
hikers,36.04778,-112.08625,745,8.643
hikers,36.04786,-112.08618,746,8.654
hikers,36.04797,-112.08607,747,8.67
hikers,36.04805,-112.08597,748,8.682
hikers,36.04812,-112.08588,749,8.694
hikers,36.04836,-112.08556,750,8.733
hikers,36.04842,-112.08547,751,8.743
hikers,36.04849,-112.08538,752,8.755
hikers,36.04854,-112.08531,753,8.763
hikers,36.04865,-112.08514,754,8.783
hikers,36.0489,-112.08478,755,8.825
hikers,36.04923,-112.08428,756,8.883
hikers,36.04935,-112.08411,757,8.904
hikers,36.04947,-112.08393,758,8.925
hikers,36.04992,-112.08325,759,9.004
hikers,36.05008,-112.08301,760,9.032
hikers,36.05015,-112.08291,761,9.043
hikers,36.05024,-112.08302,762,9.057
hikers,36.05041,-112.08319,763,9.082
hikers,36.0505,-112.08329,764,9.095
hikers,36.05056,-112.08334,765,9.103
hikers,36.05058,-112.08336,766,9.106
hikers,36.05063,-112.0834,767,9.113
hikers,36.05068,-112.08343,768,9.119
hikers,36.05072,-112.08345,769,9.124
hikers,36.05074,-112.08346,770,9.126
hikers,36.05077,-112.08348,771,9.13
hikers,36.05084,-112.08351,772,9.138
hikers,36.05089,-112.08353,773,9.144
hikers,36.05091,-112.08353,774,9.146
hikers,36.05099,-112.08356,775,9.156
hikers,36.05103,-112.08357,776,9.16
hikers,36.05107,-112.08358,777,9.165
hikers,36.05108,-112.08358,778,9.166
hikers,36.05119,-112.08359,779,9.178
hikers,36.05125,-112.08359,780,9.185
hikers,36.05131,-112.08359,781,9.191
hikers,36.05141,-112.08358,782,9.202
hikers,36.05144,-112.08357,783,9.206
hikers,36.05154,-112.08355,784,9.217
hikers,36.0516,-112.08354,785,9.224
hikers,36.05162,-112.08353,786,9.226
hikers,36.05171,-112.08351,787,9.236
hikers,36.05179,-112.08348,788,9.246
hikers,36.05182,-112.08347,789,9.249
hikers,36.05195,-112.08343,790,9.264
hikers,36.05197,-112.08342,791,9.267
hikers,36.05208,-112.08338,792,9.279
hikers,36.05212,-112.08337,793,9.284
hikers,36.05214,-112.08336,794,9.286
hikers,36.05222,-112.08334,795,9.295
hikers,36.05229,-112.08333,796,9.303
hikers,36.0523,-112.08333,797,9.304
hikers,36.05234,-112.08333,798,9.309
hikers,36.05238,-112.08333,799,9.313
hikers,36.05244,-112.08334,800,9.32
hikers,36.05248,-112.08336,801,9.325
hikers,36.0525,-112.08337,802,9.327
hikers,36.05254,-112.0834,803,9.332
hikers,36.05257,-112.08341,804,9.336
hikers,36.05259,-112.08344,805,9.339
hikers,36.05262,-112.08348,806,9.344
hikers,36.05263,-112.08349,807,9.346
hikers,36.05266,-112.08354,809,9.351
hikers,36.05268,-112.08357,810,9.355
hikers,36.0527,-112.0836,811,9.358
hikers,36.05274,-112.08367,812,9.366
hikers,36.05277,-112.08373,813,9.372
hikers,36.05278,-112.08375,814,9.375
hikers,36.05284,-112.08387,815,9.387
