shape_id,shape_pt_lat,shape_pt_lon,shape_pt_sequence,shape_dist_traveled
10,37.6711100000,-112.1569300000,1,
10,37.6712285802,-112.1568905839,2,
10,37.6712700000,-112.1571300000,3,
10,37.6723900000,-112.1568600000,4,
10,37.6725100000,-112.1568300000,5,
10,37.6735800000,-112.1565300000,6,
10,37.6735800000,-112.1565300000,7,
10,37.6739700000,-112.1564200000,8,
10,37.6757200000,-112.1560000000,9,
10,37.6757700000,-112.1559900000,10,
10,37.6757700000,-112.1559900000,11,
10,37.6757500000,-112.1555300000,12,
10,37.6757300000,-112.1552900000,13,
10,37.6757200000,-112.1550800000,14,
10,37.6757200000,-112.1549500000,15,
10,37.6757000000,-112.1546500000,16,
10,37.6756800000,-112.1543500000,17,
10,37.6756500000,-112.1539600000,18,
10,37.6756500000,-112.1539600000,19,
10,37.6751787706,-112.1539939067,20,
10,37.6747200000,-112.1540200000,21,
10,37.6746300000,-112.1540100000,22,
10,37.6745500000,-112.1539900000,23,
10,37.6744800000,-112.1539900000,24,
10,37.6744800000,-112.1539900000,25,
10,37.6744600000,-112.1539900000,26,
10,37.6743400000,-112.1540100000,27,
10,37.6742500000,-112.1540400000,28,
10,37.6742400000,-112.1540500000,29,
10,37.6741600000,-112.1541300000,30,
10,37.6740700000,-112.1542200000,31,
10,37.6739800000,-112.1542900000,32,
10,37.6738900000,-112.1543100000,33,
10,37.6738000000,-112.1543400000,34,
10,37.6736600000,-112.1544200000,35,
10,37.6731700000,-112.1547100000,36,
10,37.6731700000,-112.1547100000,37,
10,37.6733000000,-112.1550400000,38,
10,37.6735100000,-112.1553300000,39,
10,37.6735800000,-112.1554200000,40,
10,37.6736700000,-112.1555400000,41,
10,37.6738100000,-112.1557500000,42,
10,37.6738900000,-112.1560300000,43,
10,37.6738900000,-112.1560400000,44,
10,37.6739700000,-112.1564200000,45,
10,37.6739700000,-112.1564200000,46,
10,37.6736801396,-112.1565080466,47,
10,37.6733499413,-112.1565987754,48,
10,37.6734200000,-112.1565800000,49,
10,37.6725100000,-112.1568400000,50,
10,37.6724300000,-112.1568600000,51,
10,37.6715300730,-112.1570657434,52,
10,37.6709714136,-112.1571763558,53,
10,37.6702293587,-112.1574344641,54,
10,37.6695212660,-112.1576322227,55,
10,37.6689415725,-112.1577715889,56,
10,37.6678260935,-112.1580860932,57,
10,37.6678260935,-112.1580860932,58,
10,37.6670000000,-112.1583000000,59,
10,37.6664300000,-112.1584600000,60,
10,37.6663900000,-112.1584800000,61,
10,37.6628600000,-112.1598100000,62,
10,37.6625100000,-112.1599400000,63,
10,37.6620000000,-112.1601300000,64,
10,37.6618200000,-112.1602000000,65,
10,37.6613800000,-112.1603700000,66,
10,37.6598300000,-112.1609600000,67,
10,37.6567300000,-112.1621400000,68,
10,37.6556500000,-112.1625600000,69,
10,37.6556300000,-112.1625600000,70,
10,37.6556200000,-112.1625700000,71,
10,37.6555300000,-112.1625900000,72,
10,37.6554900000,-112.1626100000,73,
10,37.6553600000,-112.1626500000,74,
10,37.6553400000,-112.1626500000,75,
10,37.6551200000,-112.1627200000,76,
10,37.6551100000,-112.1627200000,77,
10,37.6548500000,-112.1628000000,78,
10,37.6541500000,-112.1630100000,79,
10,37.6539400000,-112.1630700000,80,
10,37.6536300000,-112.1631700000,81,
10,37.6534200000,-112.1632300000,82,
10,37.6529300000,-112.1633800000,83,
10,37.6522300000,-112.1635900000,84,
10,37.6518800000,-112.1637000000,85,
10,37.6517000000,-112.1637500000,86,
10,37.6512500000,-112.1638900000,87,
10,37.6511700000,-112.1639100000,88,
10,37.6511500000,-112.1639200000,89,
10,37.6511300000,-112.1639300000,90,
10,37.6510400000,-112.1639700000,91,
10,37.6508700000,-112.1640400000,92,
10,37.6508400000,-112.1640600000,93,
10,37.6502400000,-112.1643400000,94,
10,37.6501900000,-112.1643500000,95,
10,37.6500200000,-112.1644200000,96,
10,37.6497200000,-112.1645400000,97,
10,37.6493400000,-112.1647100000,98,
10,37.6484700000,-112.1650100000,99,
10,37.6484600000,-112.1650100000,100,
10,37.6483000000,-112.1650600000,101,
10,37.6481200000,-112.1651200000,102,
10,37.6478600000,-112.1652000000,103,
10,37.6477700000,-112.1652300000,104,
10,37.6472800000,-112.1654200000,105,
10,37.6464500000,-112.1657300000,106,
10,37.6460500000,-112.1658600000,107,
10,37.6460000000,-112.1658700000,108,
10,37.6458800000,-112.1659000000,109,
10,37.6458700000,-112.1659000000,110,
10,37.6454700000,-112.1660800000,111,
10,37.6453600000,-112.1661400000,112,
10,37.6452000000,-112.1662300000,113,
10,37.6451300000,-112.1662800000,114,
10,37.6448800000,-112.1664300000,115,
10,37.6447200000,-112.1665400000,116,
10,37.6445800000,-112.1666200000,117,
10,37.6444000000,-112.1667500000,118,
10,37.6442400000,-112.1668700000,119,
10,37.6440900000,-112.1669800000,120,
10,37.6439400000,-112.1671000000,121,
10,37.6438300000,-112.1671900000,122,
10,37.6436300000,-112.1673300000,123,
10,37.6428500000,-112.1679000000,124,
10,37.6427400000,-112.1679700000,125,
10,37.6423100000,-112.1681800000,126,
10,37.6420100000,-112.1683200000,127,
10,37.6419800000,-112.1683400000,128,
10,37.6411600000,-112.1686900000,129,
10,37.6411500000,-112.1687000000,130,
10,37.6409800000,-112.1687700000,131,
10,37.6409700000,-112.1687800000,132,
10,37.6407900000,-112.1688500000,133,
10,37.6403200000,-112.1690900000,134,
10,37.6402600000,-112.1691200000,135,
10,37.6402100000,-112.1691500000,136,
10,37.6402000000,-112.1691600000,137,
10,37.6401400000,-112.1692000000,138,
10,37.6401000000,-112.1692300000,139,
10,37.6399300000,-112.1693600000,140,
10,37.6399300000,-112.1693600000,141,
10,37.6395900000,-112.1696800000,142,
10,37.6395800000,-112.1696800000,143,
10,37.6395000000,-112.1697500000,144,
10,37.6389400000,-112.1702300000,145,
10,37.6386400000,-112.1704900000,146,
10,37.6383400000,-112.1707500000,147,
10,37.6381800000,-112.1708700000,148,
10,37.6380400000,-112.1709900000,149,
10,37.6378900000,-112.1711100000,150,
10,37.6377500000,-112.1712300000,151,
10,37.6376100000,-112.1713300000,152,
10,37.6375900000,-112.1713500000,153,
10,37.6374600000,-112.1714400000,154,
10,37.6374200000,-112.1714600000,155,
10,37.6372600000,-112.1715700000,156,
10,37.6371000000,-112.1716800000,157,
10,37.6369800000,-112.1717600000,158,
10,37.6368500000,-112.1718300000,159,
10,37.6368200000,-112.1718600000,160,
10,37.6367300000,-112.1719100000,161,
10,37.6366600000,-112.1719600000,162,
10,37.6366100000,-112.1719900000,163,
10,37.6363200000,-112.1721500000,164,
10,37.6361700000,-112.1722200000,165,
10,37.6361600000,-112.1722300000,166,
10,37.6360300000,-112.1723000000,167,
10,37.6360000000,-112.1723100000,168,
10,37.6358200000,-112.1724000000,169,
10,37.6356000000,-112.1725000000,170,
10,37.6353800000,-112.1726000000,171,
10,37.6351600000,-112.1727000000,172,
10,37.6347300000,-112.1729000000,173,
10,37.6343000000,-112.1730900000,174,
10,37.6341300000,-112.1731700000,175,
10,37.6340500000,-112.1732000000,176,
10,37.6337200000,-112.1733400000,177,
10,37.6336400000,-112.1733700000,178,
10,37.6335700000,-112.1733900000,179,
10,37.6333400000,-112.1734500000,180,
10,37.6332000000,-112.1734900000,181,
10,37.6329700000,-112.1735400000,182,
10,37.6328000000,-112.1735800000,183,
10,37.6324900000,-112.1736300000,184,
10,37.6320700000,-112.1736700000,185,
10,37.6318200000,-112.1736800000,186,
10,37.6311400000,-112.1736500000,187,
10,37.6306600000,-112.1736100000,188,
10,37.6305000000,-112.1735800000,189,
10,37.6301000000,-112.1735100000,190,
10,37.6296500000,-112.1733700000,191,
10,37.6293700000,-112.1732600000,192,
10,37.6284500000,-112.1728700000,193,
10,37.6284200000,-112.1728500000,194,
10,37.6284000000,-112.1728400000,195,
10,37.6282900000,-112.1727700000,196,
10,37.6280600000,-112.1726500000,197,
10,37.6279300000,-112.1725800000,198,
10,37.6276200000,-112.1724100000,199,
10,37.6275500000,-112.1723800000,200,
10,37.6270500000,-112.1721200000,201,
10,37.6267100000,-112.1719600000,202,
10,37.6258700000,-112.1715500000,203,
10,37.6255200000,-112.1713800000,204,
10,37.6254100000,-112.1713400000,205,
10,37.6252900000,-112.1713000000,206,
10,37.6251500000,-112.1712600000,207,
10,37.6249900000,-112.1712200000,208,
10,37.6248400000,-112.1711900000,209,
10,37.6247100000,-112.1711700000,210,
10,37.6242500000,-112.1711600000,211,
10,37.6240800000,-112.1711700000,212,
10,37.6240000000,-112.1711800000,213,
10,37.6239000000,-112.1712000000,214,
10,37.6237800000,-112.1712200000,215,
10,37.6236700000,-112.1712500000,216,
10,37.6234500000,-112.1713200000,217,
10,37.6231700000,-112.1714300000,218,
10,37.6231600000,-112.1714300000,219,
10,37.6229200000,-112.1715500000,220,
10,37.6227600000,-112.1716400000,221,
10,37.6225100000,-112.1718000000,222,
10,37.6224200000,-112.1718700000,223,
10,37.6223500000,-112.1719100000,224,
10,37.6221536266,-112.1720667055,225,
10,37.6221600000,-112.1720600000,226,
10,37.6219081121,-112.1722882944,227,
10,37.6215500000,-112.1725300000,228,
10,37.6212700000,-112.1727600000,229,
10,37.6210700000,-112.1729300000,230,
10,37.6205600000,-112.1733500000,231,
10,37.6198100000,-112.1739500000,232,
10,37.6195700000,-112.1741400000,233,
10,37.6194100000,-112.1742800000,234,
10,37.6189600000,-112.1746600000,235,
10,37.6187800000,-112.1748100000,236,
10,37.6186600000,-112.1749200000,237,
10,37.6183700000,-112.1751800000,238,
10,37.6177800000,-112.1757000000,239,
10,37.6177800000,-112.1757000000,240,
10,37.6174400000,-112.1751400000,241,
10,37.6172300000,-112.1749200000,242,
10,37.6169600000,-112.1748000000,243,
10,37.6166400000,-112.1747500000,244,
10,37.6165100000,-112.1748000000,245,
10,37.6164500000,-112.1748200000,246,
10,37.6163800000,-112.1748500000,247,
10,37.6163200000,-112.1748900000,248,
10,37.6162500000,-112.1749400000,249,
10,37.6161100000,-112.1750300000,250,
10,37.6159900000,-112.1751000000,251,
10,37.6158600000,-112.1751800000,252,
10,37.6157800000,-112.1752200000,253,
10,37.6157000000,-112.1752600000,254,
10,37.6156500000,-112.1752800000,255,
10,37.6156000000,-112.1753100000,256,
10,37.6154900000,-112.1753500000,257,
10,37.6153800000,-112.1753800000,258,
10,37.6153000000,-112.1754000000,259,
10,37.6152700000,-112.1754200000,260,
10,37.6151600000,-112.1754400000,261,
10,37.6150500000,-112.1754600000,262,
10,37.6149700000,-112.1754700000,263,
10,37.6149500000,-112.1754700000,264,
10,37.6148900000,-112.1754800000,265,
10,37.6148100000,-112.1754900000,266,
10,37.6147300000,-112.1754900000,267,
10,37.6146500000,-112.1754900000,268,
10,37.6145600000,-112.1754900000,269,
10,37.6144700000,-112.1754800000,270,
10,37.6143800000,-112.1754800000,271,
10,37.6143000000,-112.1754600000,272,
10,37.6142100000,-112.1754500000,273,
10,37.6141300000,-112.1754300000,274,
10,37.6140500000,-112.1754200000,275,
10,37.6140400000,-112.1754200000,276,
10,37.6138800000,-112.1753600000,277,
10,37.6137100000,-112.1753100000,278,
10,37.6137000000,-112.1753100000,279,
10,37.6135500000,-112.1752500000,280,
10,37.6134000000,-112.1751900000,281,
10,37.6133600000,-112.1751800000,282,
10,37.6132700000,-112.1751400000,283,
10,37.6131500000,-112.1750900000,284,
10,37.6128200000,-112.1749600000,285,
10,37.6125000000,-112.1748300000,286,
10,37.6123300000,-112.1747700000,287,
10,37.6121700000,-112.1747100000,288,
10,37.6119900000,-112.1746200000,289,
10,37.6119200000,-112.1745900000,290,
10,37.6116600000,-112.1744800000,291,
10,37.6115400000,-112.1744100000,292,
10,37.6114900000,-112.1743800000,293,
10,37.6114200000,-112.1743400000,294,
10,37.6113500000,-112.1742900000,295,
10,37.6112800000,-112.1742400000,296,
10,37.6111500000,-112.1741400000,297,
10,37.6110500000,-112.1740400000,298,
10,37.6109500000,-112.1739500000,299,
10,37.6108500000,-112.1738400000,300,
10,37.6107500000,-112.1737200000,301,
10,37.6106600000,-112.1735900000,302,
10,37.6105700000,-112.1734700000,303,
10,37.6104600000,-112.1732700000,304,
10,37.6104200000,-112.1732000000,305,
10,37.6103500000,-112.1730800000,306,
10,37.6102900000,-112.1729700000,307,
10,37.6102300000,-112.1728600000,308,
10,37.6101000000,-112.1726500000,309,
10,37.6100300000,-112.1725600000,310,
10,37.6099800000,-112.1724800000,311,
10,37.6099600000,-112.1724600000,312,
10,37.6098900000,-112.1723800000,313,
10,37.6098200000,-112.1723000000,314,
10,37.6097400000,-112.1722200000,315,
10,37.6096700000,-112.1721500000,316,
10,37.6095100000,-112.1720100000,317,
10,37.6092100000,-112.1717600000,318,
10,37.6089000000,-112.1715200000,319,
10,37.6086000000,-112.1712800000,320,
10,37.6083400000,-112.1710800000,321,
10,37.6082900000,-112.1710500000,322,
10,37.6081500000,-112.1709500000,323,
10,37.6080100000,-112.1708500000,324,
10,37.6078700000,-112.1707600000,325,
10,37.6077200000,-112.1706700000,326,
10,37.6075400000,-112.1705700000,327,
10,37.6074200000,-112.1705000000,328,
10,37.6072100000,-112.1703800000,329,
10,37.6071100000,-112.1703300000,330,
10,37.6069100000,-112.1702100000,331,
10,37.6067200000,-112.1701000000,332,
10,37.6065200000,-112.1699800000,333,
10,37.6063300000,-112.1698500000,334,
10,37.6061400000,-112.1697100000,335,
10,37.6059500000,-112.1695700000,336,
10,37.6055800000,-112.1692800000,337,
10,37.6052000000,-112.1689700000,338,
10,37.6048100000,-112.1686700000,339,
10,37.6045300000,-112.1684400000,340,
10,37.6042400000,-112.1682200000,341,
10,37.6039500000,-112.1679900000,342,
10,37.6036500000,-112.1677500000,343,
10,37.6033900000,-112.1675500000,344,
10,37.6031900000,-112.1673900000,345,
10,37.6031300000,-112.1673400000,346,
10,37.6028700000,-112.1671300000,347,
10,37.6026000000,-112.1669100000,348,
10,37.6020700000,-112.1665000000,349,
10,37.6018100000,-112.1662900000,350,
10,37.6015400000,-112.1660900000,351,
10,37.6014600000,-112.1660000000,352,
10,37.6013900000,-112.1659100000,353,
10,37.6012300000,-112.1657200000,354,
10,37.6011900000,-112.1656600000,355,
10,37.6011500000,-112.1656100000,356,
10,37.6010200000,-112.1654100000,357,
10,37.6009000000,-112.1652200000,358,
10,37.6008300000,-112.1650400000,359,
10,37.6007700000,-112.1648700000,360,
10,37.6007300000,-112.1647500000,361,
10,37.6006900000,-112.1646300000,362,
10,37.6006500000,-112.1644700000,363,
10,37.6006100000,-112.1643100000,364,
10,37.6005900000,-112.1641400000,365,
10,37.6005700000,-112.1640000000,366,
10,37.6005600000,-112.1639600000,367,
10,37.6005500000,-112.1638200000,368,
10,37.6005400000,-112.1636900000,369,
10,37.6005400000,-112.1635500000,370,
10,37.6005400000,-112.1634100000,371,
10,37.6005400000,-112.1633200000,372,
10,37.6005400000,-112.1632100000,373,
10,37.6005600000,-112.1630200000,374,
10,37.6005800000,-112.1629000000,375,
10,37.6005900000,-112.1627900000,376,
10,37.6006300000,-112.1626400000,377,
10,37.6006400000,-112.1625700000,378,
10,37.6006800000,-112.1624400000,379,
10,37.6007100000,-112.1623200000,380,
10,37.6007600000,-112.1621600000,381,
10,37.6008400000,-112.1619600000,382,
10,37.6008800000,-112.1618500000,383,
10,37.6009300000,-112.1617400000,384,
10,37.6009700000,-112.1616400000,385,
10,37.6010000000,-112.1615900000,386,
10,37.6010300000,-112.1615400000,387,
10,37.6010900000,-112.1614400000,388,
10,37.6011500000,-112.1613500000,389,
10,37.6012100000,-112.1612600000,390,
10,37.6012800000,-112.1611600000,391,
10,37.6013400000,-112.1610900000,392,
10,37.6014000000,-112.1610100000,393,
10,37.6014700000,-112.1609400000,394,
10,37.6015300000,-112.1608700000,395,
10,37.6016200000,-112.1607700000,396,
10,37.6017100000,-112.1606700000,397,
10,37.6018300000,-112.1605400000,398,
10,37.6018800000,-112.1604800000,399,
10,37.6019300000,-112.1604100000,400,
10,37.6020000000,-112.1603200000,401,
10,37.6020100000,-112.1603000000,402,
10,37.6020800000,-112.1601900000,403,
10,37.6021700000,-112.1600200000,404,
10,37.6022100000,-112.1599300000,405,
10,37.6022500000,-112.1598400000,406,
10,37.6025600000,-112.1588700000,407,
10,37.6026300000,-112.1586600000,408,
10,37.6027000000,-112.1584400000,409,
10,37.6029900000,-112.1575400000,410,
10,37.6031800000,-112.1569800000,411,
10,37.6032800000,-112.1566900000,412,
10,37.6033400000,-112.1566100000,413,
10,37.6033500000,-112.1565800000,414,
10,37.6033800000,-112.1565400000,415,
10,37.6034600000,-112.1565000000,416,
10,37.6035500000,-112.1564600000,417,
10,37.6036000000,-112.1564400000,418,
10,37.6036200000,-112.1564400000,419,
10,37.6036400000,-112.1564300000,420,
10,37.6037200000,-112.1564300000,421,
10,37.6037900000,-112.1564300000,422,
10,37.6038300000,-112.1564500000,423,
10,37.6038700000,-112.1564700000,424,
10,37.6039100000,-112.1565000000,425,
10,37.6039600000,-112.1565300000,426,
10,37.6040600000,-112.1566200000,427,
10,37.6042000000,-112.1567500000,428,
10,37.6042100000,-112.1567600000,429,
10,37.6042400000,-112.1568000000,430,
10,37.6042600000,-112.1568200000,431,
10,37.6042700000,-112.1568300000,432,
10,37.6042800000,-112.1568600000,433,
10,37.6042800000,-112.1568900000,434,
10,37.6042800000,-112.1569100000,435,
10,37.6042800000,-112.1569400000,436,
10,37.6042600000,-112.1569700000,437,
10,37.6042500000,-112.1569900000,438,
10,37.6042400000,-112.1570000000,439,
10,37.6042200000,-112.1570100000,440,
10,37.6042000000,-112.1570100000,441,
10,37.6041800000,-112.1570100000,442,
10,37.6041600000,-112.1570100000,443,
10,37.6041500000,-112.1570000000,444,
10,37.6041300000,-112.1569800000,445,
10,37.6041200000,-112.1569706122,446,
10,37.6041239843,-112.1569743003,447,
10,37.6039900000,-112.1568400000,448,
10,37.6038500000,-112.1567000000,449,
10,37.6037500000,-112.1566100000,450,
10,37.6036200000,-112.1564400000,451,
10,37.6036200000,-112.1564400000,452,
10,37.6036000000,-112.1564400000,453,
10,37.6035500000,-112.1564600000,454,
10,37.6034600000,-112.1565000000,455,
10,37.6033800000,-112.1565400000,456,
10,37.6033500000,-112.1565800000,457,
10,37.6033400000,-112.1566100000,458,
10,37.6032800000,-112.1566900000,459,
10,37.6031800000,-112.1569800000,460,
10,37.6029900000,-112.1575400000,461,
10,37.6027000000,-112.1584400000,462,
10,37.6026300000,-112.1586600000,463,
10,37.6025600000,-112.1588700000,464,
10,37.6022500000,-112.1598400000,465,
10,37.6022100000,-112.1599300000,466,
10,37.6021700000,-112.1600200000,467,
10,37.6020800000,-112.1601900000,468,
10,37.6020100000,-112.1603000000,469,
10,37.6020000000,-112.1603200000,470,
10,37.6019300000,-112.1604100000,471,
10,37.6018800000,-112.1604800000,472,
10,37.6018300000,-112.1605400000,473,
10,37.6017100000,-112.1606700000,474,
10,37.6016200000,-112.1607700000,475,
10,37.6015300000,-112.1608700000,476,
10,37.6014700000,-112.1609400000,477,
10,37.6014000000,-112.1610100000,478,
10,37.6013400000,-112.1610900000,479,
10,37.6012800000,-112.1611600000,480,
10,37.6012100000,-112.1612600000,481,
10,37.6011500000,-112.1613500000,482,
10,37.6010900000,-112.1614400000,483,
10,37.6010300000,-112.1615400000,484,
10,37.6010000000,-112.1615900000,485,
10,37.6009700000,-112.1616400000,486,
10,37.6009300000,-112.1617400000,487,
10,37.6008800000,-112.1618500000,488,
10,37.6008400000,-112.1619600000,489,
10,37.6007600000,-112.1621600000,490,
10,37.6007100000,-112.1623200000,491,
10,37.6006800000,-112.1624400000,492,
10,37.6006400000,-112.1625700000,493,
10,37.6006300000,-112.1626400000,494,
10,37.6005900000,-112.1627900000,495,
10,37.6005800000,-112.1629000000,496,
10,37.6005600000,-112.1630200000,497,
10,37.6005400000,-112.1632100000,498,
10,37.6005400000,-112.1633200000,499,
10,37.6005400000,-112.1634100000,500,
10,37.6005400000,-112.1635500000,501,
10,37.6005400000,-112.1636900000,502,
10,37.6005500000,-112.1638200000,503,
10,37.6005600000,-112.1639600000,504,
10,37.6005700000,-112.1640000000,505,
10,37.6005900000,-112.1641400000,506,
10,37.6006100000,-112.1643100000,507,
10,37.6006500000,-112.1644700000,508,
10,37.6006900000,-112.1646300000,509,
10,37.6007300000,-112.1647500000,510,
10,37.6007700000,-112.1648700000,511,
10,37.6008300000,-112.1650400000,512,
10,37.6009000000,-112.1652200000,513,
10,37.6010200000,-112.1654100000,514,
10,37.6011500000,-112.1656100000,515,
10,37.6011900000,-112.1656600000,516,
10,37.6012300000,-112.1657200000,517,
10,37.6013900000,-112.1659100000,518,
10,37.6014600000,-112.1660000000,519,
10,37.6015400000,-112.1660900000,520,
10,37.6018100000,-112.1662900000,521,
10,37.6020700000,-112.1665000000,522,
10,37.6026000000,-112.1669100000,523,
10,37.6028700000,-112.1671300000,524,
10,37.6031300000,-112.1673400000,525,
10,37.6031900000,-112.1673900000,526,
10,37.6033900000,-112.1675500000,527,
10,37.6036500000,-112.1677500000,528,
10,37.6039500000,-112.1679900000,529,
10,37.6042400000,-112.1682200000,530,
10,37.6045300000,-112.1684400000,531,
10,37.6048100000,-112.1686700000,532,
10,37.6052000000,-112.1689700000,533,
10,37.6055800000,-112.1692800000,534,
10,37.6059500000,-112.1695700000,535,
10,37.6061400000,-112.1697100000,536,
10,37.6063300000,-112.1698500000,537,
10,37.6065200000,-112.1699800000,538,
10,37.6067200000,-112.1701000000,539,
10,37.6069100000,-112.1702100000,540,
10,37.6071100000,-112.1703300000,541,
10,37.6072100000,-112.1703800000,542,
10,37.6074200000,-112.1705000000,543,
10,37.6075400000,-112.1705700000,544,
10,37.6077200000,-112.1706700000,545,
10,37.6078700000,-112.1707600000,546,
10,37.6080100000,-112.1708500000,547,
10,37.6081500000,-112.1709500000,548,
10,37.6082900000,-112.1710500000,549,
10,37.6083400000,-112.1710800000,550,
10,37.6086000000,-112.1712800000,551,
10,37.6089000000,-112.1715200000,552,
10,37.6092100000,-112.1717600000,553,
10,37.6095100000,-112.1720100000,554,
10,37.6096700000,-112.1721500000,555,
10,37.6097400000,-112.1722200000,556,
10,37.6098200000,-112.1723000000,557,
10,37.6098900000,-112.1723800000,558,
10,37.6099600000,-112.1724600000,559,
10,37.6099800000,-112.1724800000,560,
10,37.6100300000,-112.1725600000,561,
10,37.6101000000,-112.1726500000,562,
10,37.6102300000,-112.1728600000,563,
10,37.6102900000,-112.1729700000,564,
10,37.6103500000,-112.1730800000,565,
10,37.6104200000,-112.1732000000,566,
10,37.6104600000,-112.1732700000,567,
10,37.6105700000,-112.1734700000,568,
10,37.6106600000,-112.1735900000,569,
10,37.6107500000,-112.1737200000,570,
10,37.6108500000,-112.1738400000,571,
10,37.6109500000,-112.1739500000,572,
10,37.6110500000,-112.1740400000,573,
10,37.6111500000,-112.1741400000,574,
10,37.6112800000,-112.1742400000,575,
10,37.6113500000,-112.1742900000,576,
10,37.6114200000,-112.1743400000,577,
10,37.6114900000,-112.1743800000,578,
10,37.6115400000,-112.1744100000,579,
10,37.6116600000,-112.1744800000,580,
10,37.6119200000,-112.1745900000,581,
10,37.6119900000,-112.1746200000,582,
10,37.6121700000,-112.1747100000,583,
10,37.6123300000,-112.1747700000,584,
10,37.6125000000,-112.1748300000,585,
10,37.6128200000,-112.1749600000,586,
10,37.6131500000,-112.1750900000,587,
10,37.6132700000,-112.1751400000,588,
10,37.6133600000,-112.1751800000,589,
10,37.6134000000,-112.1751900000,590,
10,37.6135500000,-112.1752500000,591,
10,37.6137000000,-112.1753100000,592,
10,37.6137100000,-112.1753100000,593,
10,37.6138800000,-112.1753600000,594,
10,37.6140400000,-112.1754200000,595,
10,37.6140500000,-112.1754200000,596,
10,37.6141300000,-112.1754300000,597,
10,37.6142100000,-112.1754500000,598,
10,37.6143000000,-112.1754600000,599,
10,37.6143800000,-112.1754800000,600,
10,37.6144700000,-112.1754800000,601,
10,37.6145600000,-112.1754900000,602,
10,37.6146500000,-112.1754900000,603,
10,37.6147300000,-112.1754900000,604,
10,37.6148100000,-112.1754900000,605,
10,37.6148900000,-112.1754800000,606,
10,37.6149500000,-112.1754700000,607,
10,37.6149700000,-112.1754700000,608,
10,37.6150500000,-112.1754600000,609,
10,37.6151600000,-112.1754400000,610,
10,37.6152700000,-112.1754200000,611,
10,37.6153000000,-112.1754000000,612,
10,37.6153800000,-112.1753800000,613,
10,37.6154900000,-112.1753500000,614,
10,37.6156000000,-112.1753100000,615,
10,37.6156500000,-112.1752800000,616,
10,37.6157000000,-112.1752600000,617,
10,37.6157800000,-112.1752200000,618,
10,37.6158600000,-112.1751800000,619,
10,37.6159900000,-112.1751000000,620,
10,37.6161100000,-112.1750300000,621,
10,37.6162500000,-112.1749400000,622,
10,37.6163200000,-112.1748900000,623,
10,37.6163800000,-112.1748500000,624,
10,37.6164500000,-112.1748200000,625,
10,37.6165100000,-112.1748000000,626,
10,37.6166400000,-112.1747500000,627,
10,37.6166400000,-112.1747500000,628,
10,37.6166000000,-112.1743000000,629,
10,37.6165600000,-112.1738500000,630,
10,37.6165600000,-112.1738200000,631,
10,37.6165300000,-112.1736600000,632,
10,37.6162900000,-112.1725100000,633,
10,37.6159700000,-112.1712500000,634,
10,37.6159400000,-112.1711600000,635,
10,37.6159200000,-112.1710800000,636,
10,37.6159000000,-112.1710200000,637,
10,37.6158900000,-112.1710200000,638,
10,37.6158700000,-112.1709600000,639,
10,37.6158200000,-112.1708800000,640,
10,37.6157700000,-112.1708300000,641,
10,37.6156800000,-112.1707600000,642,
10,37.6156100000,-112.1707500000,643,
10,37.6155500000,-112.1707500000,644,
10,37.6155000000,-112.1707500000,645,
10,37.6154700000,-112.1707500000,646,
10,37.6153900000,-112.1707500000,647,
10,37.6149600000,-112.1707800000,648,
10,37.6148100000,-112.1707900000,649,
10,37.6147300000,-112.1708000000,650,
10,37.6147000000,-112.1707900000,651,
10,37.6146900000,-112.1707800000,652,
10,37.6146800000,-112.1707700000,653,
10,37.6146700000,-112.1707600000,654,
10,37.6146600000,-112.1707300000,655,
10,37.6146600000,-112.1707100000,656,
10,37.6146600000,-112.1706900000,657,
10,37.6146600000,-112.1706800000,658,
10,37.6146600000,-112.1706600000,659,
10,37.6146700000,-112.1706300000,660,
10,37.6146700000,-112.1706200000,661,
10,37.6146800000,-112.1706100000,662,
10,37.6146800000,-112.1706100000,663,
10,37.6146900000,-112.1706100000,664,
10,37.6147000000,-112.1706000000,665,
10,37.6147200000,-112.1706000000,666,
10,37.6149700000,-112.1705800000,667,
10,37.6153200000,-112.1705500000,668,
10,37.6153800000,-112.1705600000,669,
10,37.6154300000,-112.1705800000,670,
10,37.6154458427,-112.1705871792,671,
10,37.6154526558,-112.1705930174,672,
10,37.6154500000,-112.1705900000,673,
10,37.6154900000,-112.1706200000,674,
10,37.6155000000,-112.1706300000,675,
10,37.6156800000,-112.1707600000,676,
10,37.6157700000,-112.1708300000,677,
10,37.6158200000,-112.1708800000,678,
10,37.6158700000,-112.1709600000,679,
10,37.6158900000,-112.1710200000,680,
10,37.6159000000,-112.1710200000,681,
10,37.6159200000,-112.1710800000,682,
10,37.6159400000,-112.1711600000,683,
10,37.6159700000,-112.1712500000,684,
10,37.6162900000,-112.1725100000,685,
10,37.6165300000,-112.1736600000,686,
10,37.6165600000,-112.1738200000,687,
10,37.6165600000,-112.1738500000,688,
10,37.6166000000,-112.1743000000,689,
10,37.6166400000,-112.1747500000,690,
10,37.6166400000,-112.1747500000,691,
10,37.6169600000,-112.1748000000,692,
10,37.6172300000,-112.1749200000,693,
10,37.6174400000,-112.1751400000,694,
10,37.6177800000,-112.1757000000,695,
10,37.6177800000,-112.1757000000,696,
10,37.6183700000,-112.1751800000,697,
10,37.6186600000,-112.1749200000,698,
10,37.6187800000,-112.1748100000,699,
10,37.6189600000,-112.1746600000,700,
10,37.6194100000,-112.1742800000,701,
10,37.6195700000,-112.1741400000,702,
10,37.6198100000,-112.1739500000,703,
10,37.6205600000,-112.1733500000,704,
10,37.6210700000,-112.1729300000,705,
10,37.6212700000,-112.1727600000,706,
10,37.6217300000,-112.1724000000,707,
10,37.6217230954,-112.1724046938,708,
10,37.6219887559,-112.1721870699,709,
10,37.6222900000,-112.1719500000,710,
10,37.6223500000,-112.1719100000,711,
10,37.6224200000,-112.1718600000,712,
10,37.6225100000,-112.1718000000,713,
10,37.6227600000,-112.1716400000,714,
10,37.6229200000,-112.1715500000,715,
10,37.6231600000,-112.1714300000,716,
10,37.6231700000,-112.1714300000,717,
10,37.6234500000,-112.1713200000,718,
10,37.6236700000,-112.1712500000,719,
10,37.6237800000,-112.1712200000,720,
10,37.6239000000,-112.1712000000,721,
10,37.6240000000,-112.1711800000,722,
10,37.6240800000,-112.1711700000,723,
10,37.6242500000,-112.1711600000,724,
10,37.6242500000,-112.1711600000,725,
10,37.6242500000,-112.1709400000,726,
10,37.6242500000,-112.1708000000,727,
10,37.6242500000,-112.1706300000,728,
10,37.6242300000,-112.1703600000,729,
10,37.6242000000,-112.1701500000,730,
10,37.6241800000,-112.1700000000,731,
10,37.6241700000,-112.1699100000,732,
10,37.6241200000,-112.1696400000,733,
10,37.6240500000,-112.1693300000,734,
10,37.6239400000,-112.1689800000,735,
10,37.6238000000,-112.1685600000,736,
10,37.6236400000,-112.1683500000,737,
10,37.6235600000,-112.1682200000,738,
10,37.6235100000,-112.1681200000,739,
10,37.6234500000,-112.1679800000,740,
10,37.6234000000,-112.1678700000,741,
10,37.6233800000,-112.1677500000,742,
10,37.6233700000,-112.1676900000,743,
10,37.6233700000,-112.1676400000,744,
10,37.6233700000,-112.1676000000,745,
10,37.6233700000,-112.1675400000,746,
10,37.6234000000,-112.1674400000,747,
10,37.6234300000,-112.1673500000,748,
10,37.6234500000,-112.1673000000,749,
10,37.6234602655,-112.1672800000,750,
10,37.6234600836,-112.1672801748,751,
10,37.6234756037,-112.1672535858,752,
10,37.6236000000,-112.1671700000,753,
10,37.6236500000,-112.1671500000,754,
10,37.6237200000,-112.1671400000,755,
10,37.6237700000,-112.1671500000,756,
10,37.6238000000,-112.1671600000,757,
10,37.6238600000,-112.1671800000,758,
10,37.6238900000,-112.1672000000,759,
10,37.6239300000,-112.1672300000,760,
10,37.6239700000,-112.1672800000,761,
10,37.6240100000,-112.1673500000,762,
10,37.6240200000,-112.1674300000,763,
10,37.6240400000,-112.1675200000,764,
10,37.6240400000,-112.1676200000,765,
10,37.6240300000,-112.1677300000,766,
10,37.6240000000,-112.1679000000,767,
10,37.6239400000,-112.1681000000,768,
10,37.6238000000,-112.1685600000,769,
10,37.6238000000,-112.1685600000,770,
10,37.6239400000,-112.1689800000,771,
10,37.6240500000,-112.1693300000,772,
10,37.6241200000,-112.1696400000,773,
10,37.6241700000,-112.1699100000,774,
10,37.6241800000,-112.1700000000,775,
10,37.6242000000,-112.1701500000,776,
10,37.6242300000,-112.1703600000,777,
10,37.6242500000,-112.1706300000,778,
10,37.6242500000,-112.1708000000,779,
10,37.6242500000,-112.1709400000,780,
10,37.6242500000,-112.1711600000,781,
10,37.6242500000,-112.1711600000,782,
10,37.6247100000,-112.1711700000,783,
10,37.6248400000,-112.1711900000,784,
10,37.6249900000,-112.1712200000,785,
10,37.6251500000,-112.1712600000,786,
10,37.6252900000,-112.1713000000,787,
10,37.6254100000,-112.1713400000,788,
10,37.6255200000,-112.1713800000,789,
10,37.6258700000,-112.1715500000,790,
10,37.6267100000,-112.1719600000,791,
10,37.6270500000,-112.1721200000,792,
10,37.6270500000,-112.1721200000,793,
10,37.6271300000,-112.1714100000,794,
10,37.6271300000,-112.1713600000,795,
10,37.6272300000,-112.1705100000,796,
10,37.6273000000,-112.1698300000,797,
10,37.6273400000,-112.1696400000,798,
10,37.6273600000,-112.1695600000,799,
10,37.6273900000,-112.1694500000,800,
10,37.6274100000,-112.1693700000,801,
10,37.6274400000,-112.1693000000,802,
10,37.6274700000,-112.1691900000,803,
10,37.6274800000,-112.1691700000,804,
10,37.6275400000,-112.1689900000,805,
10,37.6276400000,-112.1687200000,806,
10,37.6276500000,-112.1687100000,807,
10,37.6277000000,-112.1685700000,808,
10,37.6277500000,-112.1684700000,809,
10,37.6278400000,-112.1682800000,810,
10,37.6279400000,-112.1680900000,811,
10,37.6280200000,-112.1679500000,812,
10,37.6280200000,-112.1679500000,813,
10,37.6278700000,-112.1677900000,814,
10,37.6278400000,-112.1677600000,815,
10,37.6278200000,-112.1677400000,816,
10,37.6277900000,-112.1677200000,817,
10,37.6277600000,-112.1677100000,818,
10,37.6277300000,-112.1677000000,819,
10,37.6277200000,-112.1677000000,820,
10,37.6276800000,-112.1676900000,821,
10,37.6276600000,-112.1676900000,822,
10,37.6276500000,-112.1676900000,823,
10,37.6276300000,-112.1676900000,824,
10,37.6276200000,-112.1676900000,825,
10,37.6276100000,-112.1676900000,826,
10,37.6276000000,-112.1676900000,827,
10,37.6275900000,-112.1677000000,828,
10,37.6275700000,-112.1677200000,829,
10,37.6275600000,-112.1677300000,830,
10,37.6275400000,-112.1677500000,831,
10,37.6275300000,-112.1677700000,832,
10,37.6275300000,-112.1677700000,833,
10,37.6275000000,-112.1677300000,834,
10,37.6274900000,-112.1677300000,835,
10,37.6274800000,-112.1677300000,836,
10,37.6274700000,-112.1677200000,837,
10,37.6274600000,-112.1677200000,838,
10,37.6274500000,-112.1677300000,839,
10,37.6274500000,-112.1677200000,840,
10,37.6274400000,-112.1677200000,841,
10,37.6274300000,-112.1677200000,842,
10,37.6274200000,-112.1677200000,843,
10,37.6274100000,-112.1677100000,844,
10,37.6274000000,-112.1677100000,845,
10,37.6274000000,-112.1677000000,846,
10,37.6273900000,-112.1677000000,847,
10,37.6273900000,-112.1676900000,848,
10,37.6273800000,-112.1676900000,849,
10,37.6273800000,-112.1676800000,850,
10,37.6273700000,-112.1676800000,851,
10,37.6273700000,-112.1676700000,852,
10,37.6273700000,-112.1676600000,853,
10,37.6273600000,-112.1676600000,854,
10,37.6273499095,-112.1676198251,855,
10,37.6273500000,-112.1676200000,856,
10,37.6273500000,-112.1676100000,857,
10,37.6273500000,-112.1676000000,858,
10,37.6273500000,-112.1675900000,859,
10,37.6273500000,-112.1675800000,860,
10,37.6273500000,-112.1675700000,861,
10,37.6273600000,-112.1675600000,862,
10,37.6273600000,-112.1675500000,863,
10,37.6273600000,-112.1675400000,864,
10,37.6273700000,-112.1675300000,865,
10,37.6273700000,-112.1675200000,866,
10,37.6273800000,-112.1675100000,867,
10,37.6273800000,-112.1675000000,868,
10,37.6273900000,-112.1675000000,869,
10,37.6273900000,-112.1674900000,870,
10,37.6274000000,-112.1674900000,871,
10,37.6274100000,-112.1674900000,872,
10,37.6274100000,-112.1674800000,873,
10,37.6274200000,-112.1674800000,874,
10,37.6274300000,-112.1674700000,875,
10,37.6274400000,-112.1674700000,876,
10,37.6274500000,-112.1674700000,877,
10,37.6274600000,-112.1674700000,878,
10,37.6274700000,-112.1674700000,879,
10,37.6274800000,-112.1674700000,880,
10,37.6274800000,-112.1674800000,881,
10,37.6274900000,-112.1674800000,882,
10,37.6275000000,-112.1674800000,883,
10,37.6275000000,-112.1674900000,884,
10,37.6275100000,-112.1674900000,885,
10,37.6275100000,-112.1675000000,886,
10,37.6275200000,-112.1675000000,887,
10,37.6275200000,-112.1675100000,888,
10,37.6275300000,-112.1675100000,889,
10,37.6275300000,-112.1675200000,890,
10,37.6275400000,-112.1675300000,891,
10,37.6275400000,-112.1675400000,892,
10,37.6275500000,-112.1675500000,893,
10,37.6275500000,-112.1675600000,894,
10,37.6275500000,-112.1675700000,895,
10,37.6275600000,-112.1675900000,896,
10,37.6275600000,-112.1676000000,897,
10,37.6275700000,-112.1676200000,898,
10,37.6276200000,-112.1676900000,899,
10,37.6276200000,-112.1676900000,900,
10,37.6276300000,-112.1676900000,901,
10,37.6276500000,-112.1676900000,902,
10,37.6276600000,-112.1676900000,903,
10,37.6276800000,-112.1676900000,904,
10,37.6277200000,-112.1677000000,905,
10,37.6277300000,-112.1677000000,906,
10,37.6277600000,-112.1677100000,907,
10,37.6277900000,-112.1677200000,908,
10,37.6278200000,-112.1677400000,909,
10,37.6278400000,-112.1677600000,910,
10,37.6278700000,-112.1677900000,911,
10,37.6280200000,-112.1679500000,912,
10,37.6280200000,-112.1679500000,913,
10,37.6281400000,-112.1677600000,914,
10,37.6281700000,-112.1677200000,915,
10,37.6282142485,-112.1676703644,916,
10,37.6282500000,-112.1676100000,917,
10,37.6282900000,-112.1675600000,918,
10,37.6284500000,-112.1673700000,919,
10,37.6285400000,-112.1672700000,920,
10,37.6285800000,-112.1672300000,921,
10,37.6286400000,-112.1671800000,922,
10,37.6287200000,-112.1671000000,923,
10,37.6287300000,-112.1670900000,924,
10,37.6288600000,-112.1669800000,925,
10,37.6289500000,-112.1669200000,926,
10,37.6290300000,-112.1668700000,927,
10,37.6291100000,-112.1668200000,928,
10,37.6294500000,-112.1666600000,929,
10,37.6295400000,-112.1666200000,930,
10,37.6295700000,-112.1666100000,931,
10,37.6297300000,-112.1665500000,932,
10,37.6297900000,-112.1665300000,933,
10,37.6298700000,-112.1665100000,934,
10,37.6299300000,-112.1664900000,935,
10,37.6299900000,-112.1664800000,936,
10,37.6299900000,-112.1664800000,937,
10,37.6299200000,-112.1661400000,938,
10,37.6298700000,-112.1657800000,939,
10,37.6298700000,-112.1657400000,940,
10,37.6298800000,-112.1654500000,941,
10,37.6300000000,-112.1651500000,942,
10,37.6300300000,-112.1651100000,943,
10,37.6302500000,-112.1648300000,944,
10,37.6305000000,-112.1645800000,945,
10,37.6306600000,-112.1645000000,946,
10,37.6307500000,-112.1644800000,947,
10,37.6308100000,-112.1644700000,948,
10,37.6308500000,-112.1644700000,949,
10,37.6308500000,-112.1644700000,950,
10,37.6308800000,-112.1644700000,951,
10,37.6309600000,-112.1644800000,952,
10,37.6310800000,-112.1644900000,953,
10,37.6311100000,-112.1645000000,954,
10,37.6311400000,-112.1645100000,955,
10,37.6311700000,-112.1645200000,956,
10,37.6313000000,-112.1646000000,957,
10,37.6313100000,-112.1646000000,958,
10,37.6314700000,-112.1647000000,959,
10,37.6314900000,-112.1647200000,960,
10,37.6315200000,-112.1647400000,961,
10,37.6315600000,-112.1647600000,962,
10,37.6316400000,-112.1648100000,963,
10,37.6316900000,-112.1648200000,964,
10,37.6317000000,-112.1648300000,965,
10,37.6317400000,-112.1648400000,966,
10,37.6318300000,-112.1648500000,967,
10,37.6319100000,-112.1648100000,968,
10,37.6319500000,-112.1647700000,969,
10,37.6319900000,-112.1647400000,970,
10,37.6321500000,-112.1646300000,971,
10,37.6322900000,-112.1645200000,972,
10,37.6325300000,-112.1643700000,973,
10,37.6326300000,-112.1643400000,974,
10,37.6326600000,-112.1643400000,975,
10,37.6327500000,-112.1643400000,976,
10,37.6328100000,-112.1643300000,977,
10,37.6328200000,-112.1643400000,978,
10,37.6328500000,-112.1643500000,979,
10,37.6328700000,-112.1643600000,980,
10,37.6329300000,-112.1644000000,981,
10,37.6330500000,-112.1645000000,982,
10,37.6331200000,-112.1646300000,983,
10,37.6331800000,-112.1647300000,984,
10,37.6332200000,-112.1648200000,985,
10,37.6332900000,-112.1649600000,986,
10,37.6333500000,-112.1652200000,987,
10,37.6333500000,-112.1652700000,988,
10,37.6333800000,-112.1654900000,989,
10,37.6334000000,-112.1656000000,990,
10,37.6334200000,-112.1659400000,991,
10,37.6334300000,-112.1661400000,992,
10,37.6334000000,-112.1662700000,993,
10,37.6333400000,-112.1664800000,994,
10,37.6332000000,-112.1669300000,995,
10,37.6331700000,-112.1670200000,996,
10,37.6330200000,-112.1674000000,997,
10,37.6329700000,-112.1675300000,998,
10,37.6329600000,-112.1675400000,999,
10,37.6329200000,-112.1675800000,1000,
10,37.6328500000,-112.1676500000,1001,
10,37.6326200000,-112.1677700000,1002,
10,37.6326200000,-112.1677700000,1003,
10,37.6329700000,-112.1685700000,1004,
10,37.6332700000,-112.1692400000,1005,
10,37.6335100000,-112.1698500000,1006,
10,37.6336300000,-112.1701400000,1007,
10,37.6337200000,-112.1705500000,1008,
10,37.6337600000,-112.1709300000,1009,
10,37.6337700000,-112.1710700000,1010,
10,37.6338200000,-112.1713800000,1011,
10,37.6338700000,-112.1716100000,1012,
10,37.6340200000,-112.1721800000,1013,
10,37.6340400000,-112.1722400000,1014,
10,37.6341700000,-112.1726600000,1015,
10,37.6343000000,-112.1730900000,1016,
10,37.6343000000,-112.1730900000,1017,
10,37.6347300000,-112.1729000000,1018,
10,37.6351600000,-112.1727000000,1019,
10,37.6353800000,-112.1726000000,1020,
10,37.6356000000,-112.1725000000,1021,
10,37.6358200000,-112.1724000000,1022,
10,37.6360000000,-112.1723100000,1023,
10,37.6360300000,-112.1723000000,1024,
10,37.6361600000,-112.1722300000,1025,
10,37.6361700000,-112.1722200000,1026,
10,37.6363200000,-112.1721500000,1027,
10,37.6366100000,-112.1719900000,1028,
10,37.6366600000,-112.1719600000,1029,
10,37.6367300000,-112.1719100000,1030,
10,37.6368200000,-112.1718600000,1031,
10,37.6368500000,-112.1718300000,1032,
10,37.6369800000,-112.1717600000,1033,
10,37.6371000000,-112.1716800000,1034,
10,37.6372600000,-112.1715700000,1035,
10,37.6374200000,-112.1714600000,1036,
10,37.6374600000,-112.1714400000,1037,
10,37.6375900000,-112.1713500000,1038,
10,37.6376100000,-112.1713300000,1039,
10,37.6377500000,-112.1712300000,1040,
10,37.6378900000,-112.1711100000,1041,
10,37.6380400000,-112.1709900000,1042,
10,37.6381800000,-112.1708700000,1043,
10,37.6383400000,-112.1707500000,1044,
10,37.6386400000,-112.1704900000,1045,
10,37.6389300000,-112.1702400000,1046,
10,37.6389400000,-112.1702300000,1047,
10,37.6394208843,-112.1698046938,1048,
10,37.6394107955,-112.1698134110,1049,
10,37.6395800000,-112.1696800000,1050,
10,37.6395900000,-112.1696700000,1051,
10,37.6396400000,-112.1695600000,1052,
10,37.6397100000,-112.1694000000,1053,
10,37.6398200000,-112.1691900000,1054,
10,37.6398300000,-112.1691800000,1055,
10,37.6399100000,-112.1690300000,1056,
10,37.6399900000,-112.1689000000,1057,
10,37.6400400000,-112.1688500000,1058,
10,37.6401300000,-112.1687700000,1059,
10,37.6401400000,-112.1687600000,1060,
10,37.6401500000,-112.1687500000,1061,
10,37.6403400000,-112.1686200000,1062,
10,37.6404200000,-112.1685900000,1063,
10,37.6404700000,-112.1685800000,1064,
10,37.6405200000,-112.1685700000,1065,
10,37.6406200000,-112.1685600000,1066,
10,37.6406500000,-112.1685600000,1067,
10,37.6407500000,-112.1685700000,1068,
10,37.6408300000,-112.1685700000,1069,
10,37.6408600000,-112.1685700000,1070,
10,37.6409700000,-112.1685900000,1071,
10,37.6410100000,-112.1686000000,1072,
10,37.6410700000,-112.1686300000,1073,
10,37.6411600000,-112.1686900000,1074,
10,37.6419800000,-112.1683400000,1075,
10,37.6420100000,-112.1683200000,1076,
10,37.6423100000,-112.1681800000,1077,
10,37.6427400000,-112.1679700000,1078,
10,37.6428500000,-112.1679000000,1079,
10,37.6436300000,-112.1673300000,1080,
10,37.6438300000,-112.1671900000,1081,
10,37.6439400000,-112.1671000000,1082,
10,37.6440900000,-112.1669800000,1083,
10,37.6442400000,-112.1668700000,1084,
10,37.6444000000,-112.1667500000,1085,
10,37.6445800000,-112.1666200000,1086,
10,37.6447200000,-112.1665400000,1087,
10,37.6448800000,-112.1664300000,1088,
10,37.6451300000,-112.1662800000,1089,
10,37.6452000000,-112.1662300000,1090,
10,37.6453600000,-112.1661400000,1091,
10,37.6454700000,-112.1660800000,1092,
10,37.6458700000,-112.1659000000,1093,
10,37.6458800000,-112.1659000000,1094,
10,37.6460000000,-112.1658700000,1095,
10,37.6460500000,-112.1658600000,1096,
10,37.6464500000,-112.1657300000,1097,
10,37.6472800000,-112.1654200000,1098,
10,37.6477700000,-112.1652300000,1099,
10,37.6478600000,-112.1652000000,1100,
10,37.6481200000,-112.1651200000,1101,
10,37.6483000000,-112.1650600000,1102,
10,37.6484600000,-112.1650100000,1103,
10,37.6484700000,-112.1650100000,1104,
10,37.6493400000,-112.1647100000,1105,
10,37.6497200000,-112.1645400000,1106,
10,37.6500200000,-112.1644200000,1107,
10,37.6501900000,-112.1643500000,1108,
10,37.6502400000,-112.1643400000,1109,
10,37.6508400000,-112.1640600000,1110,
10,37.6508700000,-112.1640400000,1111,
10,37.6510400000,-112.1639700000,1112,
10,37.6511300000,-112.1639300000,1113,
10,37.6511500000,-112.1639200000,1114,
10,37.6511700000,-112.1639100000,1115,
10,37.6512500000,-112.1638900000,1116,
10,37.6517000000,-112.1637500000,1117,
10,37.6518800000,-112.1637000000,1118,
10,37.6522300000,-112.1635900000,1119,
10,37.6529300000,-112.1633800000,1120,
10,37.6534200000,-112.1632300000,1121,
10,37.6536300000,-112.1631700000,1122,
10,37.6539400000,-112.1630700000,1123,
10,37.6541500000,-112.1630100000,1124,
10,37.6548500000,-112.1628000000,1125,
10,37.6551100000,-112.1627200000,1126,
10,37.6551200000,-112.1627200000,1127,
10,37.6553400000,-112.1626500000,1128,
10,37.6553600000,-112.1626500000,1129,
10,37.6554900000,-112.1626100000,1130,
10,37.6555300000,-112.1625900000,1131,
10,37.6556200000,-112.1625700000,1132,
10,37.6556300000,-112.1625600000,1133,
10,37.6556500000,-112.1625600000,1134,
10,37.6567300000,-112.1621400000,1135,
10,37.6598300000,-112.1609600000,1136,
10,37.6613800000,-112.1603700000,1137,
10,37.6618200000,-112.1602000000,1138,
10,37.6620000000,-112.1601300000,1139,
10,37.6625100000,-112.1599400000,1140,
10,37.6628600000,-112.1598100000,1141,
10,37.6663900000,-112.1584800000,1142,
10,37.6664300000,-112.1584600000,1143,
10,37.6670000000,-112.1583000000,1144,
10,37.6677142463,-112.1580900000,1145,
10,37.6677100000,-112.1580900000,1146,
10,37.6683100000,-112.1579200000,1147,
10,37.6694500000,-112.1576500000,1148,
10,37.6702857005,-112.1574142270,1149,
10,37.6702600000,-112.1574200000,1150,
10,37.6706100000,-112.1573200000,1151,
10,37.6707600000,-112.1572700000,1152,
10,37.6707700000,-112.1572600000,1153,
10,37.6707700000,-112.1572600000,1154,
10,37.6707700000,-112.1572500000,1155,
10,37.6707300000,-112.1571100000,1156,
10,37.6707200000,-112.1570200000,1157,
10,37.6707200000,-112.1570200000,1158,
10,37.6711100000,-112.1569300000,1159,
