trip_id,arrival_time,departure_time,stop_id,stop_sequence,stop_headsign,pickup_type,drop_off_type,timepoint
2807,08:00:00,08:00:00,1,1,,0,0,1
2807,08:02:00,08:02:00,12,2,,0,0,1
2807,08:03:00,08:03:00,13,3,,0,0,1
2807,08:04:00,08:04:00,14,4,,0,0,1
2807,08:06:00,08:06:00,15,5,,0,0,1
2807,08:12:00,08:12:00,2,6,,0,0,1
2807,08:16:00,08:16:00,3,7,,0,0,1
2807,08:22:00,08:22:00,4,8,,0,0,1
2807,08:29:00,08:29:00,5,9,,0,0,1
2807,08:31:00,08:31:00,6,10,,0,0,1
2807,08:34:00,08:34:00,7,11,,0,0,1
2807,08:38:00,08:38:00,8,12,,0,0,1
2807,08:41:00,08:41:00,9,13,,0,0,1
2807,08:45:00,08:45:00,10,14,,0,0,1
2807,08:49:00,08:49:00,11,15,,0,0,1
2807,08:50:00,08:50:00,25,16,,0,0,1
2808,09:00:00,09:00:00,1,1,,0,0,1
2808,09:02:00,09:02:00,12,2,,0,0,1
2808,09:03:00,09:03:00,13,3,,0,0,1
2808,09:04:00,09:04:00,14,4,,0,0,1
2808,09:06:00,09:06:00,15,5,,0,0,1
2808,09:12:00,09:12:00,2,6,,0,0,1
2808,09:16:00,09:16:00,3,7,,0,0,1
2808,09:22:00,09:22:00,4,8,,0,0,1
2808,09:29:00,09:29:00,5,9,,0,0,1
2808,09:31:00,09:31:00,6,10,,0,0,1
2808,09:34:00,09:34:00,7,11,,0,0,1
2808,09:38:00,09:38:00,8,12,,0,0,1
2808,09:41:00,09:41:00,9,13,,0,0,1
2808,09:45:00,09:45:00,10,14,,0,0,1
2808,09:49:00,09:49:00,11,15,,0,0,1
2808,09:50:00,09:50:00,25,16,,0,0,1
2809,10:00:00,10:00:00,1,1,,0,0,1
2809,10:02:00,10:02:00,12,2,,0,0,1
2809,10:03:00,10:03:00,13,3,,0,0,1
2809,10:04:00,10:04:00,14,4,,0,0,1
2809,10:06:00,10:06:00,15,5,,0,0,1
2809,10:12:00,10:12:00,2,6,,0,0,1
2809,10:16:00,10:16:00,3,7,,0,0,1
2809,10:22:00,10:22:00,4,8,,0,0,1
2809,10:29:00,10:29:00,5,9,,0,0,1
2809,10:31:00,10:31:00,6,10,,0,0,1
2809,10:34:00,10:34:00,7,11,,0,0,1
2809,10:38:00,10:38:00,8,12,,0,0,1
2809,10:41:00,10:41:00,9,13,,0,0,1
2809,10:45:00,10:45:00,10,14,,0,0,1
2809,10:49:00,10:49:00,11,15,,0,0,1
2809,10:50:00,10:50:00,25,16,,0,0,1
2810,11:00:00,11:00:00,1,1,,0,0,1
2810,11:02:00,11:02:00,12,2,,0,0,1
2810,11:03:00,11:03:00,13,3,,0,0,1
2810,11:04:00,11:04:00,14,4,,0,0,1
2810,11:06:00,11:06:00,15,5,,0,0,1
2810,11:12:00,11:12:00,2,6,,0,0,1
2810,11:16:00,11:16:00,3,7,,0,0,1
2810,11:22:00,11:22:00,4,8,,0,0,1
2810,11:29:00,11:29:00,5,9,,0,0,1
2810,11:31:00,11:31:00,6,10,,0,0,1
2810,11:34:00,11:34:00,7,11,,0,0,1
2810,11:38:00,11:38:00,8,12,,0,0,1
2810,11:41:00,11:41:00,9,13,,0,0,1
2810,11:45:00,11:45:00,10,14,,0,0,1
2810,11:49:00,11:49:00,11,15,,0,0,1
2810,11:50:00,11:50:00,25,16,,0,0,1
2811,12:00:00,12:00:00,1,1,,0,0,1
2811,12:02:00,12:02:00,12,2,,0,0,1
2811,12:03:00,12:03:00,13,3,,0,0,1
2811,12:04:00,12:04:00,14,4,,0,0,1
2811,12:06:00,12:06:00,15,5,,0,0,1
2811,12:12:00,12:12:00,2,6,,0,0,1
2811,12:16:00,12:16:00,3,7,,0,0,1
2811,12:22:00,12:22:00,4,8,,0,0,1
2811,12:29:00,12:29:00,5,9,,0,0,1
2811,12:31:00,12:31:00,6,10,,0,0,1
2811,12:34:00,12:34:00,7,11,,0,0,1
2811,12:38:00,12:38:00,8,12,,0,0,1
2811,12:41:00,12:41:00,9,13,,0,0,1
2811,12:45:00,12:45:00,10,14,,0,0,1
2811,12:49:00,12:49:00,11,15,,0,0,1
2811,12:50:00,12:50:00,25,16,,0,0,1
2812,13:00:00,13:00:00,1,1,,0,0,1
2812,13:02:00,13:02:00,12,2,,0,0,1
2812,13:03:00,13:03:00,13,3,,0,0,1
2812,13:04:00,13:04:00,14,4,,0,0,1
2812,13:06:00,13:06:00,15,5,,0,0,1
2812,13:12:00,13:12:00,2,6,,0,0,1
2812,13:16:00,13:16:00,3,7,,0,0,1
2812,13:22:00,13:22:00,4,8,,0,0,1
2812,13:29:00,13:29:00,5,9,,0,0,1
2812,13:31:00,13:31:00,6,10,,0,0,1
2812,13:34:00,13:34:00,7,11,,0,0,1
2812,13:38:00,13:38:00,8,12,,0,0,1
2812,13:41:00,13:41:00,9,13,,0,0,1
2812,13:45:00,13:45:00,10,14,,0,0,1
2812,13:49:00,13:49:00,11,15,,0,0,1
2812,13:50:00,13:50:00,25,16,,0,0,1
2813,14:00:00,14:00:00,1,1,,0,0,1
2813,14:02:00,14:02:00,12,2,,0,0,1
2813,14:03:00,14:03:00,13,3,,0,0,1
2813,14:04:00,14:04:00,14,4,,0,0,1
2813,14:06:00,14:06:00,15,5,,0,0,1
2813,14:12:00,14:12:00,2,6,,0,0,1
2813,14:16:00,14:16:00,3,7,,0,0,1
2813,14:22:00,14:22:00,4,8,,0,0,1
2813,14:29:00,14:29:00,5,9,,0,0,1
2813,14:31:00,14:31:00,6,10,,0,0,1
2813,14:34:00,14:34:00,7,11,,0,0,1
2813,14:38:00,14:38:00,8,12,,0,0,1
2813,14:41:00,14:41:00,9,13,,0,0,1
2813,14:45:00,14:45:00,10,14,,0,0,1
2813,14:49:00,14:49:00,11,15,,0,0,1
2813,14:50:00,14:50:00,25,16,,0,0,1
2814,15:00:00,15:00:00,1,1,,0,0,1
2814,15:02:00,15:02:00,12,2,,0,0,1
2814,15:03:00,15:03:00,13,3,,0,0,1
2814,15:04:00,15:04:00,14,4,,0,0,1
2814,15:06:00,15:06:00,15,5,,0,0,1
2814,15:12:00,15:12:00,2,6,,0,0,1
2814,15:16:00,15:16:00,3,7,,0,0,1
2814,15:22:00,15:22:00,4,8,,0,0,1
2814,15:29:00,15:29:00,5,9,,0,0,1
2814,15:31:00,15:31:00,6,10,,0,0,1
2814,15:34:00,15:34:00,7,11,,0,0,1
2814,15:38:00,15:38:00,8,12,,0,0,1
2814,15:41:00,15:41:00,9,13,,0,0,1
2814,15:45:00,15:45:00,10,14,,0,0,1
2814,15:49:00,15:49:00,11,15,,0,0,1
2814,15:50:00,15:50:00,25,16,,0,0,1
2815,16:00:00,16:00:00,1,1,,0,0,1
2815,16:02:00,16:02:00,12,2,,0,0,1
2815,16:03:00,16:03:00,13,3,,0,0,1
2815,16:04:00,16:04:00,14,4,,0,0,1
2815,16:06:00,16:06:00,15,5,,0,0,1
2815,16:12:00,16:12:00,2,6,,0,0,1
2815,16:16:00,16:16:00,3,7,,0,0,1
2815,16:22:00,16:22:00,4,8,,0,0,1
2815,16:29:00,16:29:00,5,9,,0,0,1
2815,16:31:00,16:31:00,6,10,,0,0,1
2815,16:34:00,16:34:00,7,11,,0,0,1
2815,16:38:00,16:38:00,8,12,,0,0,1
2815,16:41:00,16:41:00,9,13,,0,0,1
2815,16:45:00,16:45:00,10,14,,0,0,1
2815,16:49:00,16:49:00,11,15,,0,0,1
2815,16:50:00,16:50:00,25,16,,0,0,1
2816,17:00:00,17:00:00,1,1,,0,0,1
2816,17:02:00,17:02:00,12,2,,0,0,1
2816,17:03:00,17:03:00,13,3,,0,0,1
2816,17:04:00,17:04:00,14,4,,0,0,1
2816,17:06:00,17:06:00,15,5,,0,0,1
2816,17:12:00,17:12:00,2,6,,0,0,1
2816,17:16:00,17:16:00,3,7,,0,0,1
2816,17:22:00,17:22:00,4,8,,0,0,1
2816,17:29:00,17:29:00,5,9,,0,0,1
2816,17:31:00,17:31:00,6,10,,0,0,1
2816,17:34:00,17:34:00,7,11,,0,0,1
2816,17:38:00,17:38:00,8,12,,0,0,1
2816,17:41:00,17:41:00,9,13,,0,0,1
2816,17:45:00,17:45:00,10,14,,0,0,1
2816,17:49:00,17:49:00,11,15,,0,0,1
2816,17:50:00,17:50:00,25,16,,0,0,1
2817,08:20:00,08:20:00,1,1,,0,0,1
2817,08:22:00,08:22:00,12,2,,0,0,1
2817,08:23:00,08:23:00,13,3,,0,0,1
2817,08:24:00,08:24:00,14,4,,0,0,1
2817,08:26:00,08:26:00,15,5,,0,0,1
2817,08:32:00,08:32:00,2,6,,0,0,1
2817,08:36:00,08:36:00,3,7,,0,0,1
2817,08:42:00,08:42:00,4,8,,0,0,1
2817,08:49:00,08:49:00,5,9,,0,0,1
2817,08:51:00,08:51:00,6,10,,0,0,1
2817,08:54:00,08:54:00,7,11,,0,0,1
2817,08:58:00,08:58:00,8,12,,0,0,1
2817,09:01:00,09:01:00,9,13,,0,0,1
2817,09:05:00,09:05:00,10,14,,0,0,1
2817,09:09:00,09:09:00,11,15,,0,0,1
2817,09:10:00,09:10:00,25,16,,0,0,1
2818,09:24:00,09:24:00,1,1,,0,0,1
2818,09:26:00,09:26:00,12,2,,0,0,1
2818,09:27:00,09:27:00,13,3,,0,0,1
2818,09:28:00,09:28:00,14,4,,0,0,1
2818,09:30:00,09:30:00,15,5,,0,0,1
2818,09:36:00,09:36:00,2,6,,0,0,1
2818,09:40:00,09:40:00,3,7,,0,0,1
2818,09:46:00,09:46:00,4,8,,0,0,1
2818,09:53:00,09:53:00,5,9,,0,0,1
2818,09:55:00,09:55:00,6,10,,0,0,1
2818,09:58:00,09:58:00,7,11,,0,0,1
2818,10:02:00,10:02:00,8,12,,0,0,1
2818,10:05:00,10:05:00,9,13,,0,0,1
2818,10:09:00,10:09:00,10,14,,0,0,1
2818,10:13:00,10:13:00,11,15,,0,0,1
2818,10:14:00,10:14:00,25,16,,0,0,1
2819,10:20:00,10:20:00,1,1,,0,0,1
2819,10:22:00,10:22:00,12,2,,0,0,1
2819,10:23:00,10:23:00,13,3,,0,0,1
2819,10:24:00,10:24:00,14,4,,0,0,1
2819,10:26:00,10:26:00,15,5,,0,0,1
2819,10:32:00,10:32:00,2,6,,0,0,1
2819,10:36:00,10:36:00,3,7,,0,0,1
2819,10:42:00,10:42:00,4,8,,0,0,1
2819,10:49:00,10:49:00,5,9,,0,0,1
2819,10:51:00,10:51:00,6,10,,0,0,1
2819,10:54:00,10:54:00,7,11,,0,0,1
2819,10:58:00,10:58:00,8,12,,0,0,1
2819,11:01:00,11:01:00,9,13,,0,0,1
2819,11:05:00,11:05:00,10,14,,0,0,1
2819,11:09:00,11:09:00,11,15,,0,0,1
2819,11:10:00,11:10:00,25,16,,0,0,1
2820,12:20:00,12:20:00,1,1,,0,0,1
2820,12:22:00,12:22:00,12,2,,0,0,1
2820,12:23:00,12:23:00,13,3,,0,0,1
2820,12:24:00,12:24:00,14,4,,0,0,1
2820,12:26:00,12:26:00,15,5,,0,0,1
2820,12:32:00,12:32:00,2,6,,0,0,1
2820,12:36:00,12:36:00,3,7,,0,0,1
2820,12:42:00,12:42:00,4,8,,0,0,1
2820,12:49:00,12:49:00,5,9,,0,0,1
2820,12:51:00,12:51:00,6,10,,0,0,1
2820,12:54:00,12:54:00,7,11,,0,0,1
2820,12:58:00,12:58:00,8,12,,0,0,1
2820,13:01:00,13:01:00,9,13,,0,0,1
2820,13:05:00,13:05:00,10,14,,0,0,1
2820,13:09:00,13:09:00,11,15,,0,0,1
2820,13:10:00,13:10:00,25,16,,0,0,1
2821,13:20:00,13:20:00,1,1,,0,0,1
2821,13:22:00,13:22:00,12,2,,0,0,1
2821,13:23:00,13:23:00,13,3,,0,0,1
2821,13:24:00,13:24:00,14,4,,0,0,1
2821,13:26:00,13:26:00,15,5,,0,0,1
2821,13:32:00,13:32:00,2,6,,0,0,1
2821,13:36:00,13:36:00,3,7,,0,0,1
2821,13:42:00,13:42:00,4,8,,0,0,1
2821,13:49:00,13:49:00,5,9,,0,0,1
2821,13:51:00,13:51:00,6,10,,0,0,1
2821,13:54:00,13:54:00,7,11,,0,0,1
2821,13:58:00,13:58:00,8,12,,0,0,1
2821,14:01:00,14:01:00,9,13,,0,0,1
2821,14:05:00,14:05:00,10,14,,0,0,1
2821,14:09:00,14:09:00,11,15,,0,0,1
2821,14:10:00,14:10:00,25,16,,0,0,1
2822,14:20:00,14:20:00,1,1,,0,0,1
2822,14:22:00,14:22:00,12,2,,0,0,1
2822,14:23:00,14:23:00,13,3,,0,0,1
2822,14:24:00,14:24:00,14,4,,0,0,1
2822,14:26:00,14:26:00,15,5,,0,0,1
2822,14:32:00,14:32:00,2,6,,0,0,1
2822,14:36:00,14:36:00,3,7,,0,0,1
2822,14:42:00,14:42:00,4,8,,0,0,1
2822,14:49:00,14:49:00,5,9,,0,0,1
2822,14:51:00,14:51:00,6,10,,0,0,1
2822,14:54:00,14:54:00,7,11,,0,0,1
2822,14:58:00,14:58:00,8,12,,0,0,1
2822,15:01:00,15:01:00,9,13,,0,0,1
2822,15:05:00,15:05:00,10,14,,0,0,1
2822,15:09:00,15:09:00,11,15,,0,0,1
2822,15:10:00,15:10:00,25,16,,0,0,1
2823,15:20:00,15:20:00,1,1,,0,0,1
2823,15:22:00,15:22:00,12,2,,0,0,1
2823,15:23:00,15:23:00,13,3,,0,0,1
2823,15:24:00,15:24:00,14,4,,0,0,1
2823,15:26:00,15:26:00,15,5,,0,0,1
2823,15:32:00,15:32:00,2,6,,0,0,1
2823,15:36:00,15:36:00,3,7,,0,0,1
2823,15:42:00,15:42:00,4,8,,0,0,1
2823,15:49:00,15:49:00,5,9,,0,0,1
2823,15:51:00,15:51:00,6,10,,0,0,1
2823,15:54:00,15:54:00,7,11,,0,0,1
2823,15:58:00,15:58:00,8,12,,0,0,1
2823,16:01:00,16:01:00,9,13,,0,0,1
2823,16:05:00,16:05:00,10,14,,0,0,1
2823,16:09:00,16:09:00,11,15,,0,0,1
2823,16:10:00,16:10:00,25,16,,0,0,1
2824,08:40:00,08:40:00,1,1,,0,0,1
2824,08:42:00,08:42:00,12,2,,0,0,1
2824,08:43:00,08:43:00,13,3,,0,0,1
2824,08:44:00,08:44:00,14,4,,0,0,1
2824,08:46:00,08:46:00,15,5,,0,0,1
2824,08:52:00,08:52:00,2,6,,0,0,1
2824,08:56:00,08:56:00,3,7,,0,0,1
2824,09:02:00,09:02:00,4,8,,0,0,1
2824,09:09:00,09:09:00,5,9,,0,0,1
2824,09:11:00,09:11:00,6,10,,0,0,1
2824,09:14:00,09:14:00,7,11,,0,0,1
2824,09:18:00,09:18:00,8,12,,0,0,1
2824,09:21:00,09:21:00,9,13,,0,0,1
2824,09:25:00,09:25:00,10,14,,0,0,1
2824,09:29:00,09:29:00,11,15,,0,0,1
2824,09:30:00,09:30:00,25,16,,0,0,1
2825,09:48:00,09:48:00,1,1,,0,0,1
2825,09:50:00,09:50:00,12,2,,0,0,1
2825,09:51:00,09:51:00,13,3,,0,0,1
2825,09:52:00,09:52:00,14,4,,0,0,1
2825,09:54:00,09:54:00,15,5,,0,0,1
2825,10:00:00,10:00:00,2,6,,0,0,1
2825,10:04:00,10:04:00,3,7,,0,0,1
2825,10:10:00,10:10:00,4,8,,0,0,1
2825,10:17:00,10:17:00,5,9,,0,0,1
2825,10:19:00,10:19:00,6,10,,0,0,1
2825,10:22:00,10:22:00,7,11,,0,0,1
2825,10:26:00,10:26:00,8,12,,0,0,1
2825,10:29:00,10:29:00,9,13,,0,0,1
2825,10:33:00,10:33:00,10,14,,0,0,1
2825,10:37:00,10:37:00,11,15,,0,0,1
2825,10:38:00,10:38:00,25,16,,0,0,1
2826,10:50:00,10:50:00,1,1,,0,0,1
2826,10:52:00,10:52:00,12,2,,0,0,1
2826,10:53:00,10:53:00,13,3,,0,0,1
2826,10:54:00,10:54:00,14,4,,0,0,1
2826,10:56:00,10:56:00,15,5,,0,0,1
2826,11:02:00,11:02:00,2,6,,0,0,1
2826,11:06:00,11:06:00,3,7,,0,0,1
2826,11:12:00,11:12:00,4,8,,0,0,1
2826,11:19:00,11:19:00,5,9,,0,0,1
2826,11:21:00,11:21:00,6,10,,0,0,1
2826,11:24:00,11:24:00,7,11,,0,0,1
2826,11:28:00,11:28:00,8,12,,0,0,1
2826,11:31:00,11:31:00,9,13,,0,0,1
2826,11:35:00,11:35:00,10,14,,0,0,1
2826,11:39:00,11:39:00,11,15,,0,0,1
2826,11:40:00,11:40:00,25,16,,0,0,1
2827,11:50:00,11:50:00,1,1,,0,0,1
2827,11:52:00,11:52:00,12,2,,0,0,1
2827,11:53:00,11:53:00,13,3,,0,0,1
2827,11:54:00,11:54:00,14,4,,0,0,1
2827,11:56:00,11:56:00,15,5,,0,0,1
2827,12:02:00,12:02:00,2,6,,0,0,1
2827,12:06:00,12:06:00,3,7,,0,0,1
2827,12:12:00,12:12:00,4,8,,0,0,1
2827,12:19:00,12:19:00,5,9,,0,0,1
2827,12:21:00,12:21:00,6,10,,0,0,1
2827,12:24:00,12:24:00,7,11,,0,0,1
2827,12:28:00,12:28:00,8,12,,0,0,1
2827,12:31:00,12:31:00,9,13,,0,0,1
2827,12:35:00,12:35:00,10,14,,0,0,1
2827,12:39:00,12:39:00,11,15,,0,0,1
2827,12:40:00,12:40:00,25,16,,0,0,1
2828,12:50:00,12:50:00,1,1,,0,0,1
2828,12:52:00,12:52:00,12,2,,0,0,1
2828,12:53:00,12:53:00,13,3,,0,0,1
2828,12:54:00,12:54:00,14,4,,0,0,1
2828,12:56:00,12:56:00,15,5,,0,0,1
2828,13:02:00,13:02:00,2,6,,0,0,1
2828,13:06:00,13:06:00,3,7,,0,0,1
2828,13:12:00,13:12:00,4,8,,0,0,1
2828,13:19:00,13:19:00,5,9,,0,0,1
2828,13:21:00,13:21:00,6,10,,0,0,1
2828,13:24:00,13:24:00,7,11,,0,0,1
2828,13:28:00,13:28:00,8,12,,0,0,1
2828,13:31:00,13:31:00,9,13,,0,0,1
2828,13:35:00,13:35:00,10,14,,0,0,1
2828,13:39:00,13:39:00,11,15,,0,0,1
2828,13:40:00,13:40:00,25,16,,0,0,1
2829,14:50:00,14:50:00,1,1,,0,0,1
2829,14:52:00,14:52:00,12,2,,0,0,1
2829,14:53:00,14:53:00,13,3,,0,0,1
2829,14:54:00,14:54:00,14,4,,0,0,1
2829,14:56:00,14:56:00,15,5,,0,0,1
2829,15:02:00,15:02:00,2,6,,0,0,1
2829,15:06:00,15:06:00,3,7,,0,0,1
2829,15:12:00,15:12:00,4,8,,0,0,1
2829,15:19:00,15:19:00,5,9,,0,0,1
2829,15:21:00,15:21:00,6,10,,0,0,1
2829,15:24:00,15:24:00,7,11,,0,0,1
2829,15:28:00,15:28:00,8,12,,0,0,1
2829,15:31:00,15:31:00,9,13,,0,0,1
2829,15:35:00,15:35:00,10,14,,0,0,1
2829,15:39:00,15:39:00,11,15,,0,0,1
2829,15:40:00,15:40:00,25,16,,0,0,1
2830,15:50:00,15:50:00,1,1,,0,0,1
2830,15:52:00,15:52:00,12,2,,0,0,1
2830,15:53:00,15:53:00,13,3,,0,0,1
2830,15:54:00,15:54:00,14,4,,0,0,1
2830,15:56:00,15:56:00,15,5,,0,0,1
2830,16:02:00,16:02:00,2,6,,0,0,1
2830,16:06:00,16:06:00,3,7,,0,0,1
2830,16:12:00,16:12:00,4,8,,0,0,1
2830,16:19:00,16:19:00,5,9,,0,0,1
2830,16:21:00,16:21:00,6,10,,0,0,1
2830,16:24:00,16:24:00,7,11,,0,0,1
2830,16:28:00,16:28:00,8,12,,0,0,1
2830,16:31:00,16:31:00,9,13,,0,0,1
2830,16:35:00,16:35:00,10,14,,0,0,1
2830,16:39:00,16:39:00,11,15,,0,0,1
2830,16:40:00,16:40:00,25,16,,0,0,1
2831,09:12:00,09:12:00,1,1,,0,0,1
2831,09:14:00,09:14:00,12,2,,0,0,1
2831,09:15:00,09:15:00,13,3,,0,0,1
2831,09:16:00,09:16:00,14,4,,0,0,1
2831,09:18:00,09:18:00,15,5,,0,0,1
2831,09:24:00,09:24:00,2,6,,0,0,1
2831,09:28:00,09:28:00,3,7,,0,0,1
2831,09:34:00,09:34:00,4,8,,0,0,1
2831,09:41:00,09:41:00,5,9,,0,0,1
2831,09:43:00,09:43:00,6,10,,0,0,1
2831,09:46:00,09:46:00,7,11,,0,0,1
2831,09:50:00,09:50:00,8,12,,0,0,1
2831,09:53:00,09:53:00,9,13,,0,0,1
2831,09:57:00,09:57:00,10,14,,0,0,1
2831,10:01:00,10:01:00,11,15,,0,0,1
2831,10:02:00,10:02:00,25,16,,0,0,1
2832,10:10:00,10:10:00,1,1,,0,0,1
2832,10:12:00,10:12:00,12,2,,0,0,1
2832,10:13:00,10:13:00,13,3,,0,0,1
2832,10:14:00,10:14:00,14,4,,0,0,1
2832,10:16:00,10:16:00,15,5,,0,0,1
2832,10:22:00,10:22:00,2,6,,0,0,1
2832,10:26:00,10:26:00,3,7,,0,0,1
2832,10:32:00,10:32:00,4,8,,0,0,1
2832,10:39:00,10:39:00,5,9,,0,0,1
2832,10:41:00,10:41:00,6,10,,0,0,1
2832,10:44:00,10:44:00,7,11,,0,0,1
2832,10:48:00,10:48:00,8,12,,0,0,1
2832,10:51:00,10:51:00,9,13,,0,0,1
2832,10:55:00,10:55:00,10,14,,0,0,1
2832,10:59:00,10:59:00,11,15,,0,0,1
2832,11:00:00,11:00:00,25,16,,0,0,1
2833,11:10:00,11:10:00,1,1,,0,0,1
2833,11:12:00,11:12:00,12,2,,0,0,1
2833,11:13:00,11:13:00,13,3,,0,0,1
2833,11:14:00,11:14:00,14,4,,0,0,1
2833,11:16:00,11:16:00,15,5,,0,0,1
2833,11:22:00,11:22:00,2,6,,0,0,1
2833,11:26:00,11:26:00,3,7,,0,0,1
2833,11:32:00,11:32:00,4,8,,0,0,1
2833,11:39:00,11:39:00,5,9,,0,0,1
2833,11:41:00,11:41:00,6,10,,0,0,1
2833,11:44:00,11:44:00,7,11,,0,0,1
2833,11:48:00,11:48:00,8,12,,0,0,1
2833,11:51:00,11:51:00,9,13,,0,0,1
2833,11:55:00,11:55:00,10,14,,0,0,1
2833,11:59:00,11:59:00,11,15,,0,0,1
2833,12:00:00,12:00:00,25,16,,0,0,1
2834,12:10:00,12:10:00,1,1,,0,0,1
2834,12:12:00,12:12:00,12,2,,0,0,1
2834,12:13:00,12:13:00,13,3,,0,0,1
2834,12:14:00,12:14:00,14,4,,0,0,1
2834,12:16:00,12:16:00,15,5,,0,0,1
2834,12:22:00,12:22:00,2,6,,0,0,1
2834,12:26:00,12:26:00,3,7,,0,0,1
2834,12:32:00,12:32:00,4,8,,0,0,1
2834,12:39:00,12:39:00,5,9,,0,0,1
2834,12:41:00,12:41:00,6,10,,0,0,1
2834,12:44:00,12:44:00,7,11,,0,0,1
2834,12:48:00,12:48:00,8,12,,0,0,1
2834,12:51:00,12:51:00,9,13,,0,0,1
2834,12:55:00,12:55:00,10,14,,0,0,1
2834,12:59:00,12:59:00,11,15,,0,0,1
2834,13:00:00,13:00:00,25,16,,0,0,1
2835,14:10:00,14:10:00,1,1,,0,0,1
2835,14:12:00,14:12:00,12,2,,0,0,1
2835,14:13:00,14:13:00,13,3,,0,0,1
2835,14:14:00,14:14:00,14,4,,0,0,1
2835,14:16:00,14:16:00,15,5,,0,0,1
2835,14:22:00,14:22:00,2,6,,0,0,1
2835,14:26:00,14:26:00,3,7,,0,0,1
2835,14:32:00,14:32:00,4,8,,0,0,1
2835,14:39:00,14:39:00,5,9,,0,0,1
2835,14:41:00,14:41:00,6,10,,0,0,1
2835,14:44:00,14:44:00,7,11,,0,0,1
2835,14:48:00,14:48:00,8,12,,0,0,1
2835,14:51:00,14:51:00,9,13,,0,0,1
2835,14:55:00,14:55:00,10,14,,0,0,1
2835,14:59:00,14:59:00,11,15,,0,0,1
2835,15:00:00,15:00:00,25,16,,0,0,1
2836,15:10:00,15:10:00,1,1,,0,0,1
2836,15:12:00,15:12:00,12,2,,0,0,1
2836,15:13:00,15:13:00,13,3,,0,0,1
2836,15:14:00,15:14:00,14,4,,0,0,1
2836,15:16:00,15:16:00,15,5,,0,0,1
2836,15:22:00,15:22:00,2,6,,0,0,1
2836,15:26:00,15:26:00,3,7,,0,0,1
2836,15:32:00,15:32:00,4,8,,0,0,1
2836,15:39:00,15:39:00,5,9,,0,0,1
2836,15:41:00,15:41:00,6,10,,0,0,1
2836,15:44:00,15:44:00,7,11,,0,0,1
2836,15:48:00,15:48:00,8,12,,0,0,1
2836,15:51:00,15:51:00,9,13,,0,0,1
2836,15:55:00,15:55:00,10,14,,0,0,1
2836,15:59:00,15:59:00,11,15,,0,0,1
2836,16:00:00,16:00:00,25,16,,0,0,1
2837,16:15:00,16:15:00,1,1,,0,0,1
2837,16:17:00,16:17:00,12,2,,0,0,1
2837,16:18:00,16:18:00,13,3,,0,0,1
2837,16:19:00,16:19:00,14,4,,0,0,1
2837,16:21:00,16:21:00,15,5,,0,0,1
2837,16:27:00,16:27:00,2,6,,0,0,1
2837,16:31:00,16:31:00,3,7,,0,0,1
2837,16:37:00,16:37:00,4,8,,0,0,1
2837,16:44:00,16:44:00,5,9,,0,0,1
2837,16:46:00,16:46:00,6,10,,0,0,1
2837,16:49:00,16:49:00,7,11,,0,0,1
2837,16:53:00,16:53:00,8,12,,0,0,1
2837,16:56:00,16:56:00,9,13,,0,0,1
2837,17:00:00,17:00:00,10,14,,0,0,1
2837,17:04:00,17:04:00,11,15,,0,0,1
2837,17:05:00,17:05:00,25,16,,0,0,1
2838,17:15:00,17:15:00,1,1,,0,0,1
2838,17:17:00,17:17:00,12,2,,0,0,1
2838,17:18:00,17:18:00,13,3,,0,0,1
2838,17:19:00,17:19:00,14,4,,0,0,1
2838,17:21:00,17:21:00,15,5,,0,0,1
2838,17:27:00,17:27:00,2,6,,0,0,1
2838,17:31:00,17:31:00,3,7,,0,0,1
2838,17:37:00,17:37:00,4,8,,0,0,1
2838,17:44:00,17:44:00,5,9,,0,0,1
2838,17:46:00,17:46:00,6,10,,0,0,1
2838,17:49:00,17:49:00,7,11,,0,0,1
2838,17:53:00,17:53:00,8,12,,0,0,1
2838,17:56:00,17:56:00,9,13,,0,0,1
2838,18:00:00,18:00:00,10,14,,0,0,1
2838,18:04:00,18:04:00,11,15,,0,0,1
2838,18:05:00,18:05:00,25,16,,0,0,1
2839,13:10:00,13:10:00,1,1,,0,0,1
2839,13:12:00,13:12:00,12,2,,0,0,1
2839,13:13:00,13:13:00,13,3,,0,0,1
2839,13:14:00,13:14:00,14,4,,0,0,1
2839,13:16:00,13:16:00,15,5,,0,0,1
2839,13:22:00,13:22:00,2,6,,0,0,1
2839,13:26:00,13:26:00,3,7,,0,0,1
2839,13:32:00,13:32:00,4,8,,0,0,1
2839,13:39:00,13:39:00,5,9,,0,0,1
2839,13:41:00,13:41:00,6,10,,0,0,1
2839,13:44:00,13:44:00,7,11,,0,0,1
2839,13:48:00,13:48:00,8,12,,0,0,1
2839,13:51:00,13:51:00,9,13,,0,0,1
2839,13:55:00,13:55:00,10,14,,0,0,1
2839,13:59:00,13:59:00,11,15,,0,0,1
2839,14:00:00,14:00:00,25,16,,0,0,1
2840,09:36:00,09:36:00,1,1,,0,0,1
2840,09:38:00,09:38:00,12,2,,0,0,1
2840,09:39:00,09:39:00,13,3,,0,0,1
2840,09:40:00,09:40:00,14,4,,0,0,1
2840,09:42:00,09:42:00,15,5,,0,0,1
2840,09:48:00,09:48:00,2,6,,0,0,1
2840,09:52:00,09:52:00,3,7,,0,0,1
2840,09:58:00,09:58:00,4,8,,0,0,1
2840,10:05:00,10:05:00,5,9,,0,0,1
2840,10:07:00,10:07:00,6,10,,0,0,1
2840,10:10:00,10:10:00,7,11,,0,0,1
2840,10:14:00,10:14:00,8,12,,0,0,1
2840,10:17:00,10:17:00,9,13,,0,0,1
2840,10:21:00,10:21:00,10,14,,0,0,1
2840,10:25:00,10:25:00,11,15,,0,0,1
2840,10:26:00,10:26:00,25,16,,0,0,1
2841,10:40:00,10:40:00,1,1,,0,0,1
2841,10:42:00,10:42:00,12,2,,0,0,1
2841,10:43:00,10:43:00,13,3,,0,0,1
2841,10:44:00,10:44:00,14,4,,0,0,1
2841,10:46:00,10:46:00,15,5,,0,0,1
2841,10:52:00,10:52:00,2,6,,0,0,1
2841,10:56:00,10:56:00,3,7,,0,0,1
2841,11:02:00,11:02:00,4,8,,0,0,1
2841,11:09:00,11:09:00,5,9,,0,0,1
2841,11:11:00,11:11:00,6,10,,0,0,1
2841,11:14:00,11:14:00,7,11,,0,0,1
2841,11:18:00,11:18:00,8,12,,0,0,1
2841,11:21:00,11:21:00,9,13,,0,0,1
2841,11:25:00,11:25:00,10,14,,0,0,1
2841,11:29:00,11:29:00,11,15,,0,0,1
2841,11:30:00,11:30:00,25,16,,0,0,1
2842,11:40:00,11:40:00,1,1,,0,0,1
2842,11:42:00,11:42:00,12,2,,0,0,1
2842,11:43:00,11:43:00,13,3,,0,0,1
2842,11:44:00,11:44:00,14,4,,0,0,1
2842,11:46:00,11:46:00,15,5,,0,0,1
2842,11:52:00,11:52:00,2,6,,0,0,1
2842,11:56:00,11:56:00,3,7,,0,0,1
2842,12:02:00,12:02:00,4,8,,0,0,1
2842,12:09:00,12:09:00,5,9,,0,0,1
2842,12:11:00,12:11:00,6,10,,0,0,1
2842,12:14:00,12:14:00,7,11,,0,0,1
2842,12:18:00,12:18:00,8,12,,0,0,1
2842,12:21:00,12:21:00,9,13,,0,0,1
2842,12:25:00,12:25:00,10,14,,0,0,1
2842,12:29:00,12:29:00,11,15,,0,0,1
2842,12:30:00,12:30:00,25,16,,0,0,1
2843,13:40:00,13:40:00,1,1,,0,0,1
2843,13:42:00,13:42:00,12,2,,0,0,1
2843,13:43:00,13:43:00,13,3,,0,0,1
2843,13:44:00,13:44:00,14,4,,0,0,1
2843,13:46:00,13:46:00,15,5,,0,0,1
2843,13:52:00,13:52:00,2,6,,0,0,1
2843,13:56:00,13:56:00,3,7,,0,0,1
2843,14:02:00,14:02:00,4,8,,0,0,1
2843,14:09:00,14:09:00,5,9,,0,0,1
2843,14:11:00,14:11:00,6,10,,0,0,1
2843,14:14:00,14:14:00,7,11,,0,0,1
2843,14:18:00,14:18:00,8,12,,0,0,1
2843,14:21:00,14:21:00,9,13,,0,0,1
2843,14:25:00,14:25:00,10,14,,0,0,1
2843,14:29:00,14:29:00,11,15,,0,0,1
2843,14:30:00,14:30:00,25,16,,0,0,1
2844,14:40:00,14:40:00,1,1,,0,0,1
2844,14:42:00,14:42:00,12,2,,0,0,1
2844,14:43:00,14:43:00,13,3,,0,0,1
2844,14:44:00,14:44:00,14,4,,0,0,1
2844,14:46:00,14:46:00,15,5,,0,0,1
2844,14:52:00,14:52:00,2,6,,0,0,1
2844,14:56:00,14:56:00,3,7,,0,0,1
2844,15:02:00,15:02:00,4,8,,0,0,1
2844,15:09:00,15:09:00,5,9,,0,0,1
2844,15:11:00,15:11:00,6,10,,0,0,1
2844,15:14:00,15:14:00,7,11,,0,0,1
2844,15:18:00,15:18:00,8,12,,0,0,1
2844,15:21:00,15:21:00,9,13,,0,0,1
2844,15:25:00,15:25:00,10,14,,0,0,1
2844,15:29:00,15:29:00,11,15,,0,0,1
2844,15:30:00,15:30:00,25,16,,0,0,1
2845,15:40:00,15:40:00,1,1,,0,0,1
2845,15:42:00,15:42:00,12,2,,0,0,1
2845,15:43:00,15:43:00,13,3,,0,0,1
2845,15:44:00,15:44:00,14,4,,0,0,1
2845,15:46:00,15:46:00,15,5,,0,0,1
2845,15:52:00,15:52:00,2,6,,0,0,1
2845,15:56:00,15:56:00,3,7,,0,0,1
2845,16:02:00,16:02:00,4,8,,0,0,1
2845,16:09:00,16:09:00,5,9,,0,0,1
2845,16:11:00,16:11:00,6,10,,0,0,1
2845,16:14:00,16:14:00,7,11,,0,0,1
2845,16:18:00,16:18:00,8,12,,0,0,1
2845,16:21:00,16:21:00,9,13,,0,0,1
2845,16:25:00,16:25:00,10,14,,0,0,1
2845,16:29:00,16:29:00,11,15,,0,0,1
2845,16:30:00,16:30:00,25,16,,0,0,1
2846,16:45:00,16:45:00,1,1,,0,0,1
2846,16:47:00,16:47:00,12,2,,0,0,1
2846,16:48:00,16:48:00,13,3,,0,0,1
2846,16:49:00,16:49:00,14,4,,0,0,1
2846,16:51:00,16:51:00,15,5,,0,0,1
2846,16:57:00,16:57:00,2,6,,0,0,1
2846,17:01:00,17:01:00,3,7,,0,0,1
2846,17:07:00,17:07:00,4,8,,0,0,1
2846,17:14:00,17:14:00,5,9,,0,0,1
2846,17:16:00,17:16:00,6,10,,0,0,1
2846,17:19:00,17:19:00,7,11,,0,0,1
2846,17:23:00,17:23:00,8,12,,0,0,1
2846,17:26:00,17:26:00,9,13,,0,0,1
2846,17:30:00,17:30:00,10,14,,0,0,1
2846,17:34:00,17:34:00,11,15,,0,0,1
2846,17:35:00,17:35:00,25,16,,0,0,1
2847,10:30:00,10:30:00,1,1,,0,0,1
2847,10:32:00,10:32:00,12,2,,0,0,1
2847,10:33:00,10:33:00,13,3,,0,0,1
2847,10:34:00,10:34:00,14,4,,0,0,1
2847,10:36:00,10:36:00,15,5,,0,0,1
2847,10:42:00,10:42:00,2,6,,0,0,1
2847,10:46:00,10:46:00,3,7,,0,0,1
2847,10:52:00,10:52:00,4,8,,0,0,1
2847,10:59:00,10:59:00,5,9,,0,0,1
2847,11:01:00,11:01:00,6,10,,0,0,1
2847,11:04:00,11:04:00,7,11,,0,0,1
2847,11:08:00,11:08:00,8,12,,0,0,1
2847,11:11:00,11:11:00,9,13,,0,0,1
2847,11:15:00,11:15:00,10,14,,0,0,1
2847,11:19:00,11:19:00,11,15,,0,0,1
2847,11:20:00,11:20:00,25,16,,0,0,1
2848,11:30:00,11:30:00,1,1,,0,0,1
2848,11:32:00,11:32:00,12,2,,0,0,1
2848,11:33:00,11:33:00,13,3,,0,0,1
2848,11:34:00,11:34:00,14,4,,0,0,1
2848,11:36:00,11:36:00,15,5,,0,0,1
2848,11:42:00,11:42:00,2,6,,0,0,1
2848,11:46:00,11:46:00,3,7,,0,0,1
2848,11:52:00,11:52:00,4,8,,0,0,1
2848,11:59:00,11:59:00,5,9,,0,0,1
2848,12:01:00,12:01:00,6,10,,0,0,1
2848,12:04:00,12:04:00,7,11,,0,0,1
2848,12:08:00,12:08:00,8,12,,0,0,1
2848,12:11:00,12:11:00,9,13,,0,0,1
2848,12:15:00,12:15:00,10,14,,0,0,1
2848,12:19:00,12:19:00,11,15,,0,0,1
2848,12:20:00,12:20:00,25,16,,0,0,1
2849,12:30:00,12:30:00,1,1,,0,0,1
2849,12:32:00,12:32:00,12,2,,0,0,1
2849,12:33:00,12:33:00,13,3,,0,0,1
2849,12:34:00,12:34:00,14,4,,0,0,1
2849,12:36:00,12:36:00,15,5,,0,0,1
2849,12:42:00,12:42:00,2,6,,0,0,1
2849,12:46:00,12:46:00,3,7,,0,0,1
2849,12:52:00,12:52:00,4,8,,0,0,1
2849,12:59:00,12:59:00,5,9,,0,0,1
2849,13:01:00,13:01:00,6,10,,0,0,1
2849,13:04:00,13:04:00,7,11,,0,0,1
2849,13:08:00,13:08:00,8,12,,0,0,1
2849,13:11:00,13:11:00,9,13,,0,0,1
2849,13:15:00,13:15:00,10,14,,0,0,1
2849,13:19:00,13:19:00,11,15,,0,0,1
2849,13:20:00,13:20:00,25,16,,0,0,1
2850,13:30:00,13:30:00,1,1,,0,0,1
2850,13:32:00,13:32:00,12,2,,0,0,1
2850,13:33:00,13:33:00,13,3,,0,0,1
2850,13:34:00,13:34:00,14,4,,0,0,1
2850,13:36:00,13:36:00,15,5,,0,0,1
2850,13:42:00,13:42:00,2,6,,0,0,1
2850,13:46:00,13:46:00,3,7,,0,0,1
2850,13:52:00,13:52:00,4,8,,0,0,1
2850,13:59:00,13:59:00,5,9,,0,0,1
2850,14:01:00,14:01:00,6,10,,0,0,1
2850,14:04:00,14:04:00,7,11,,0,0,1
2850,14:08:00,14:08:00,8,12,,0,0,1
2850,14:11:00,14:11:00,9,13,,0,0,1
2850,14:15:00,14:15:00,10,14,,0,0,1
2850,14:19:00,14:19:00,11,15,,0,0,1
2850,14:20:00,14:20:00,25,16,,0,0,1
2851,14:30:00,14:30:00,1,1,,0,0,1
2851,14:32:00,14:32:00,12,2,,0,0,1
2851,14:33:00,14:33:00,13,3,,0,0,1
2851,14:34:00,14:34:00,14,4,,0,0,1
2851,14:36:00,14:36:00,15,5,,0,0,1
2851,14:42:00,14:42:00,2,6,,0,0,1
2851,14:46:00,14:46:00,3,7,,0,0,1
2851,14:52:00,14:52:00,4,8,,0,0,1
2851,14:59:00,14:59:00,5,9,,0,0,1
2851,15:01:00,15:01:00,6,10,,0,0,1
2851,15:04:00,15:04:00,7,11,,0,0,1
2851,15:08:00,15:08:00,8,12,,0,0,1
2851,15:11:00,15:11:00,9,13,,0,0,1
2851,15:15:00,15:15:00,10,14,,0,0,1
2851,15:19:00,15:19:00,11,15,,0,0,1
2851,15:20:00,15:20:00,25,16,,0,0,1
2852,16:30:00,16:30:00,1,1,,0,0,1
2852,16:32:00,16:32:00,12,2,,0,0,1
2852,16:33:00,16:33:00,13,3,,0,0,1
2852,16:34:00,16:34:00,14,4,,0,0,1
2852,16:36:00,16:36:00,15,5,,0,0,1
2852,16:42:00,16:42:00,2,6,,0,0,1
2852,16:46:00,16:46:00,3,7,,0,0,1
2852,16:52:00,16:52:00,4,8,,0,0,1
2852,16:59:00,16:59:00,5,9,,0,0,1
2852,17:01:00,17:01:00,6,10,,0,0,1
2852,17:04:00,17:04:00,7,11,,0,0,1
2852,17:08:00,17:08:00,8,12,,0,0,1
2852,17:11:00,17:11:00,9,13,,0,0,1
2852,17:15:00,17:15:00,10,14,,0,0,1
2852,17:19:00,17:19:00,11,15,,0,0,1
2852,17:20:00,17:20:00,25,16,,0,0,1
2853,17:45:00,17:45:00,1,1,,0,0,1
2853,17:47:00,17:47:00,12,2,,0,0,1
2853,17:48:00,17:48:00,13,3,,0,0,1
2853,17:49:00,17:49:00,14,4,,0,0,1
2853,17:51:00,17:51:00,15,5,,0,0,1
2853,17:57:00,17:57:00,2,6,,0,0,1
2853,18:01:00,18:01:00,3,7,,0,0,1
2853,18:07:00,18:07:00,4,8,,0,0,1
2853,18:14:00,18:14:00,5,9,,0,0,1
2853,18:16:00,18:16:00,6,10,,0,0,1
2853,18:19:00,18:19:00,7,11,,0,0,1
2853,18:23:00,18:23:00,8,12,,0,0,1
2853,18:26:00,18:26:00,9,13,,0,0,1
2853,18:30:00,18:30:00,10,14,,0,0,1
2853,18:34:00,18:34:00,11,15,,0,0,1
2853,18:35:00,18:35:00,25,16,,0,0,1
2854,11:20:00,11:20:00,1,1,,0,0,1
2854,11:22:00,11:22:00,12,2,,0,0,1
2854,11:23:00,11:23:00,13,3,,0,0,1
2854,11:24:00,11:24:00,14,4,,0,0,1
2854,11:26:00,11:26:00,15,5,,0,0,1
2854,11:32:00,11:32:00,2,6,,0,0,1
2854,11:36:00,11:36:00,3,7,,0,0,1
2854,11:42:00,11:42:00,4,8,,0,0,1
2854,11:49:00,11:49:00,5,9,,0,0,1
2854,11:51:00,11:51:00,6,10,,0,0,1
2854,11:54:00,11:54:00,7,11,,0,0,1
2854,11:58:00,11:58:00,8,12,,0,0,1
2854,12:01:00,12:01:00,9,13,,0,0,1
2854,12:05:00,12:05:00,10,14,,0,0,1
2854,12:09:00,12:09:00,11,15,,0,0,1
2854,12:10:00,12:10:00,25,16,,0,0,1
2855,12:40:00,12:40:00,1,1,,0,0,1
2855,12:42:00,12:42:00,12,2,,0,0,1
2855,12:43:00,12:43:00,13,3,,0,0,1
2855,12:44:00,12:44:00,14,4,,0,0,1
2855,12:46:00,12:46:00,15,5,,0,0,1
2855,12:52:00,12:52:00,2,6,,0,0,1
2855,12:56:00,12:56:00,3,7,,0,0,1
2855,13:02:00,13:02:00,4,8,,0,0,1
2855,13:09:00,13:09:00,5,9,,0,0,1
2855,13:11:00,13:11:00,6,10,,0,0,1
2855,13:14:00,13:14:00,7,11,,0,0,1
2855,13:18:00,13:18:00,8,12,,0,0,1
2855,13:21:00,13:21:00,9,13,,0,0,1
2855,13:25:00,13:25:00,10,14,,0,0,1
2855,13:29:00,13:29:00,11,15,,0,0,1
2855,13:30:00,13:30:00,25,16,,0,0,1
2856,13:50:00,13:50:00,1,1,,0,0,1
2856,13:52:00,13:52:00,12,2,,0,0,1
2856,13:53:00,13:53:00,13,3,,0,0,1
2856,13:54:00,13:54:00,14,4,,0,0,1
2856,13:56:00,13:56:00,15,5,,0,0,1
2856,14:02:00,14:02:00,2,6,,0,0,1
2856,14:06:00,14:06:00,3,7,,0,0,1
2856,14:12:00,14:12:00,4,8,,0,0,1
2856,14:19:00,14:19:00,5,9,,0,0,1
2856,14:21:00,14:21:00,6,10,,0,0,1
2856,14:24:00,14:24:00,7,11,,0,0,1
2856,14:28:00,14:28:00,8,12,,0,0,1
2856,14:31:00,14:31:00,9,13,,0,0,1
2856,14:35:00,14:35:00,10,14,,0,0,1
2856,14:39:00,14:39:00,11,15,,0,0,1
2856,14:40:00,14:40:00,25,16,,0,0,1
2857,15:30:00,15:30:00,1,1,,0,0,1
2857,15:32:00,15:32:00,12,2,,0,0,1
2857,15:33:00,15:33:00,13,3,,0,0,1
2857,15:34:00,15:34:00,14,4,,0,0,1
2857,15:36:00,15:36:00,15,5,,0,0,1
2857,15:42:00,15:42:00,2,6,,0,0,1
2857,15:46:00,15:46:00,3,7,,0,0,1
2857,15:52:00,15:52:00,4,8,,0,0,1
2857,15:59:00,15:59:00,5,9,,0,0,1
2857,16:01:00,16:01:00,6,10,,0,0,1
2857,16:04:00,16:04:00,7,11,,0,0,1
2857,16:08:00,16:08:00,8,12,,0,0,1
2857,16:11:00,16:11:00,9,13,,0,0,1
2857,16:15:00,16:15:00,10,14,,0,0,1
2857,16:19:00,16:19:00,11,15,,0,0,1
2857,16:20:00,16:20:00,25,16,,0,0,1
2858,08:00:00,08:00:00,1,1,,0,0,1
2858,,,12,2,,0,0,0
2858,,,13,3,,0,0,0
2858,,,14,4,,0,0,0
2858,,,15,5,,0,0,0
2858,,,2,6,,0,0,0
2858,,,3,7,,0,0,0
2858,,,4,8,,0,0,0
2858,,,5,9,,0,0,0
2858,,,6,10,,0,0,0
2858,,,7,11,,0,0,0
2858,,,8,12,,0,0,0
2858,,,9,13,,0,0,0
2858,,,10,14,,0,0,0
2858,,,11,15,,0,0,0
2858,20:00:00,20:00:00,25,16,,0,0,1
2859,08:00:00,08:00:00,1,1,,0,0,1
2859,,,12,2,,0,0,0
2859,,,13,3,,0,0,0
2859,,,14,4,,0,0,0
2859,,,15,5,,0,0,0
2859,,,2,6,,0,0,0
2859,,,3,7,,0,0,0
2859,,,4,8,,0,0,0
2859,,,5,9,,0,0,0
2859,,,6,10,,0,0,0
2859,,,7,11,,0,0,0
2859,,,8,12,,0,0,0
2859,,,9,13,,0,0,0
2859,,,10,14,,0,0,0
2859,,,11,15,,0,0,0
2859,20:00:00,20:00:00,25,16,,0,0,1
2860,08:00:00,08:00:00,1,1,,0,0,1
2860,,,12,2,,0,0,0
2860,,,13,3,,0,0,0
2860,,,14,4,,0,0,0
2860,,,15,5,,0,0,0
2860,,,2,6,,0,0,0
2860,,,3,7,,0,0,0
2860,,,4,8,,0,0,0
2860,,,5,9,,0,0,0
2860,,,6,10,,0,0,0
2860,,,7,11,,0,0,0
2860,,,8,12,,0,0,0
2860,,,9,13,,0,0,0
2860,,,10,14,,0,0,0
2860,,,11,15,,0,0,0
2860,20:00:00,20:00:00,25,16,,0,0,1
2861,08:00:00,08:00:00,1,1,,0,0,1
2861,,,12,2,,0,0,0
2861,,,13,3,,0,0,0
2861,,,14,4,,0,0,0
2861,,,15,5,,0,0,0
2861,,,2,6,,0,0,0
2861,,,3,7,,0,0,0
2861,,,4,8,,0,0,0
2861,,,5,9,,0,0,0
2861,,,6,10,,0,0,0
2861,,,7,11,,0,0,0
2861,,,8,12,,0,0,0
2861,,,9,13,,0,0,0
2861,,,10,14,,0,0,0
2861,,,11,15,,0,0,0
2861,20:00:00,20:00:00,25,16,,0,0,1
2862,08:00:00,08:00:00,1,1,,0,0,1
2862,,,12,2,,0,0,0
2862,,,13,3,,0,0,0
2862,,,14,4,,0,0,0
2862,,,15,5,,0,0,0
2862,,,2,6,,0,0,0
2862,,,3,7,,0,0,0
2862,,,4,8,,0,0,0
2862,,,5,9,,0,0,0
2862,,,6,10,,0,0,0
2862,,,7,11,,0,0,0
2862,,,8,12,,0,0,0
2862,,,9,13,,0,0,0
2862,,,10,14,,0,0,0
2862,,,11,15,,0,0,0
2862,20:00:00,20:00:00,25,16,,0,0,1
